The number of train datas: 4072
The number of test datas: 1020
epoch	train_loss	train_acc	val_loss	val_acc
0	0.7169492918053872	0.49607072656421625	0.6867929746122922	0.5529411778730504
1	0.6975746281254737	0.526768172829465	0.6691153481894848	0.6480392163875056
2	0.6715525156856754	0.5886542238514644	0.6484218181348315	0.7343137224515279
3	0.6524369004667391	0.6296660114365149	0.6221849041826585	0.7980392154525308
4	0.624044082370863	0.6795186646326586	0.5872822046279907	0.8205882366965799
5	0.596580577739798	0.7197937124604561	0.5438461165802152	0.8411764701207479
6	0.5451438781788869	0.7779960713124229	0.48869264651747313	0.8607843158291836
7	0.4994476497290411	0.8013261303686205	0.4296070705441868	0.8725490163354312
8	0.44640149583048344	0.8280943030224334	0.3791222051078198	0.870588237397811
9	0.39993057375104113	0.8357072692723078	0.34299238861775866	0.8754901972471499
10	0.37116276837285234	0.8541257362702975	0.3191284384213242	0.8754901972471499
11	0.3403253467471754	0.8661591360283273	0.30446286096292385	0.8764705894040127
12	0.33247116653062037	0.8649312377210217	0.292317025567971	0.8784313755876878
13	0.31709565752147456	0.8686149315890254	0.2938830968796038	0.879411764939626
14	0.3107535672211226	0.8742632615308631	0.2862366454858406	0.8794117658746009
15	0.307880858014281	0.8808939103293278	0.2818688872982474	0.8833333354370266
16	0.2967595949856846	0.8828585458176543	0.27897374746846215	0.8852941188157774
17	0.2965724361961623	0.8806483301760406	0.27819043275188	0.8852941178808025
18	0.2920946135736402	0.8826129671866861	0.2834469929045322	0.8833333316971274
19	0.2883803817811321	0.8880157177949467	0.2710024799786362	0.885294120685727
20	0.2805165246802369	0.8850687629815872	0.27013960217728333	0.8862745109726401
21	0.2877627097963116	0.8897347747694064	0.2708169719167784	0.8872549012595532
22	0.2816984141446752	0.8867878199560469	0.2664279860608718	0.8862745109726401
23	0.2740658661295717	0.8924361493123772	0.26245692173639934	0.8911764717569538
24	0.2702842933841211	0.8921905696274958	0.2621484355014913	0.8882352952863656
25	0.2673406069897013	0.8939096274216658	0.27069974237797306	0.894117643552668
26	0.2720198950973616	0.8924361498978846	0.26170777836266684	0.8931372532657549
27	0.2642752744535566	0.8963654230994653	0.2574114373501609	0.8931372551357045
28	0.26094972981919473	0.8971021605146892	0.25630454350920284	0.8941176463575924
29	0.25760709261613185	0.902013753041303	0.2542883754945269	0.8950980385144551
30	0.2625466639904236	0.896856581649518	0.2542289224909801	0.8970588218932058
31	0.25777392988120645	0.899557957246402	0.24706625412492192	0.8970588256331051
32	0.25626615658841573	0.9015225930860328	0.2484707675143784	0.8980392159200182
33	0.25493292636393566	0.9052062861343264	0.24970980105446836	0.9009803895856819
34	0.25379335277207005	0.8998035357602687	0.24371145256594115	0.8980392177899679
35	0.2516512527681287	0.9022593317893727	0.24466725535252515	0.9019607817425447
36	0.244157207211249	0.9056974466751039	0.24361825427588293	0.9049019572781581
37	0.24451859971629145	0.9091355606240233	0.2417482654838001	0.9049019591481078
38	0.2427242779134533	0.9091355596872116	0.2394457062669829	0.9058823513049705
39	0.24568629999643224	0.9049607068007494	0.23841837217994766	0.908823526840584
40	0.24111673768704908	0.906188605108055	0.23473839713077918	0.9039215716661192
41	0.23835742696095075	0.9111001964636543	0.23787156857696234	0.9117647033111722
42	0.24026419336528815	0.9056974460895966	0.23279788277897182	0.9068627472017325
43	0.23902358767560047	0.9096267188227716	0.23490149863794738	0.9137254866899228
44	0.23773267630978043	0.9064341852613423	0.23482073580517487	0.9147058851578657
45	0.2292524949448048	0.9120825145005711	0.23135232533894334	0.9068627481367074
46	0.22698213968038092	0.9140471517454196	0.23080421925759784	0.909803922737346
47	0.22527452319684807	0.9147838892777449	0.23387311071741815	0.9156862773147284
48	0.22788008950899533	0.9145383111151825	0.2277725292187111	0.9068627418256273
49	0.22868835691852982	0.9147838903316581	0.23034346793212143	0.9186274537853166
50	0.22428010822747685	0.9165029467206104	0.2281119953183567	0.9147058807167352
51	0.2240275981266981	0.9174852647575273	0.2326919859530879	0.9147058851578657
52	0.22610330133751944	0.9165029462522046	0.23267869055271148	0.9156862773147284
53	0.22397549968571467	0.915029469665235	0.22883268951200972	0.9176470616284539
54	0.22211471202916855	0.9160117879363548	0.22623022315548916	0.9186274484092114
55	0.2216397668500312	0.9169941064416777	0.22382560962555456	0.9147058835216597
56	0.2169915740112893	0.9169941062074748	0.2250207004593868	0.918627450279161
57	0.21687963399999502	0.9194499024707816	0.22235888610867893	0.913725491364797
58	0.21979262256786256	0.9179764238930873	0.22370949282365687	0.9205882336579118
59	0.21372941159780462	0.9228880161854982	0.22504242793017742	0.9225490224127676
60	0.21116402713043986	0.9184675839654589	0.2219021281190947	0.9147058835216597
61	0.2094299811394135	0.9209233788235482	0.22231666223675597	0.918627450279161
62	0.20912230556395292	0.9219056981485813	0.22219550878393884	0.919607841501049
63	0.20852798437205652	0.9221512765453466	0.22113277579055113	0.9196078424360238
64	0.20448217706385202	0.9236247544204322	0.21948188064145108	0.9166666678353852
65	0.20840588621868367	0.9216601183465983	0.21884047237097048	0.9166666678353852
66	0.20228487906029743	0.9280451869917759	0.21844223784465416	0.9186274521491107
67	0.20531626353095228	0.9246070728086535	0.21815314111756343	0.9186274521491107
68	0.2065692873916832	0.9231335948164664	0.22010281570986207	0.9215686248797996
69	0.2009214644699059	0.9238703341053136	0.21714410548116647	0.9186274521491107
70	0.19870478918955228	0.9280451861720657	0.21653973489415412	0.9176470609272227
71	0.19949325661528086	0.925343811160689	0.21807857529789793	0.9196078433709987
72	0.19711556852098064	0.9241159136730936	0.21581637000336368	0.9196078461759231
73	0.19711626343033872	0.9226424355638051	0.21537676348405727	0.9186274540190603
74	0.19703458835076254	0.9246070719889433	0.21538621929346347	0.9186274521491107
75	0.1910069913901608	0.9287819254609129	0.21728656484800227	0.9196078424360238
76	0.19165726240233963	0.9268172889186732	0.21564137660989574	0.9196078433709987
77	0.1922745783401613	0.9273084484055375	0.2156478271180508	0.9196078433709987
78	0.18975311607005318	0.9302554020478824	0.21402828389523076	0.9196078443059734
79	0.19196379190577972	0.9295186641642528	0.21350929602688434	0.9205882364628362
80	0.1896518606451031	0.9280451860549642	0.21273087520225376	0.9205882364628362
81	0.18713905104602485	0.9285363458931329	0.21292750128343993	0.9176470618621976
82	0.18931267300734117	0.9314833010577969	0.2136740427391202	0.9215686276847241
83	0.18988704549657337	0.9297642440833371	0.21281440550205755	0.9205882355278614
84	0.18572786690444046	0.9300098224801024	0.21333612069195393	0.9225490198415869
85	0.1807014241316932	0.9332023570954449	0.21268748722824396	0.9215686286196989
86	0.17919824581249288	0.92927308518198	0.21171171238609388	0.9205882364628362
87	0.17779916494147952	0.9351669943402933	0.21471288344439338	0.9215686276847241
88	0.1844814470100028	0.9307465611834423	0.21220948211118287	0.9215686286196989
89	0.1835657340604336	0.9339390961500891	0.21146840979071224	0.9225490198415869
90	0.1753293943457847	0.9359037321068214	0.21344550035747828	0.9215686276847241
91	0.17756769702219072	0.9354125741422762	0.2111001567513335	0.9196078461759231
92	0.17607323973199943	0.9327111980769863	0.21052048445916643	0.9225490207765616
93	0.17700332710574324	0.937622789549687	0.21033350690907124	0.9225490207765616
94	0.17099144542498299	0.9371316307654315	0.20994286227460002	0.9225490207765616
95	0.17633731063082084	0.9373772109187188	0.210705988722689	0.9215686286196989
96	0.17103419076717205	0.9400785859300954	0.21269064329418483	0.9215686276847241
97	0.1687022874420893	0.9403241650294696	0.20995382882800756	0.9235294129334244
98	0.1695709850909902	0.9373772106845158	0.2091023145937452	0.9196078461759231
99	0.16812022501686935	0.9376227896667885	0.20825079965825175	0.9215686295546738

The optimal condition:
	epoch: 97
	train_acc: 0.9403241650294696
	val_acc: 0.923529412933
	using time: 263.361533165
