The number of train datas: 1780
The number of test datas: 446
epoch	train_loss	train_acc	val_loss	val_acc
0	0.7242880584148879	0.4955056166380979	0.6915275045574514	0.5336322863941235
1	0.7040480306978976	0.49887640516409715	0.6875378371888746	0.5493273572002291
2	0.7042190613371603	0.5084269649527046	0.6857448925886453	0.5560538143320468
3	0.7025444617432155	0.5011235963092762	0.6835447175620383	0.5672645705163212
4	0.6955407413204064	0.5308988749311211	0.6815889934787835	0.6008968596501201
5	0.6927746901351415	0.5325842691271493	0.6804398629697449	0.603139014254771
6	0.691818636722779	0.5398876404494382	0.6792392901775548	0.6165919311912605
7	0.6916128076864092	0.5303370791874574	0.6777937043408108	0.6233183885903636
8	0.6888342207737184	0.5410112371605433	0.6763664590938209	0.6322869965848367
9	0.6860792983783764	0.5438202249200157	0.6754325769941903	0.6300448438511835
10	0.686637172136414	0.5264044955875097	0.6743068729815461	0.6345291466456358
11	0.6842586757091994	0.5539325861448652	0.6728070731120259	0.6457399089774744
12	0.6813817624295695	0.5606741591785731	0.6715226547600442	0.6479820657204085
13	0.6764100532853201	0.5730337090706558	0.6700188875732935	0.6502242181867762
14	0.680513413568561	0.5617977537465899	0.6687266612801317	0.656950671309313
15	0.6753728152660842	0.5775280902894695	0.6670702869582069	0.6659192833130669
16	0.673731322502822	0.5842696627874053	0.6652769507848628	0.6726457367028891
17	0.6727298987045717	0.5898876420567545	0.6638556521035096	0.686098655243091
18	0.66950014092949	0.6089887624376276	0.6612731654013219	0.6816143487066432
19	0.6691575090536911	0.5926966302850273	0.6594146773419572	0.6860986536393786
20	0.6689561160762658	0.6073033698489158	0.6575327814961762	0.6995515724468658
21	0.6664819650435716	0.60786516961087	0.6552534001825102	0.704035871232037
22	0.6616460007228209	0.6157303353373924	0.6528383902370127	0.6995515684375848
23	0.6619974073399318	0.6146067421088058	0.6501416625463374	0.6973094141002193
24	0.6601541126711985	0.6084269680333941	0.647573993612298	0.7107623307694234
25	0.6519863423336758	0.6410112356871701	0.6450362304400971	0.7219730949722598
26	0.6469052049551117	0.6494382005059317	0.6423584816167173	0.7264573956284288
27	0.6429000387031041	0.6522471922167231	0.6385764118801852	0.7488789202921059
28	0.6470377837674002	0.6365168529949831	0.6350020597868437	0.7533632252248413
29	0.6360248297787784	0.6578651681374967	0.6310898327506711	0.742152465031286
30	0.6365868074170659	0.6601123598184478	0.6267810955710476	0.7466367699640214
31	0.6398259669207456	0.6511235964432192	0.6228288575138212	0.7757847538977996
32	0.6331686794088128	0.6561797742093547	0.6182492944691748	0.7690582924894154
33	0.6271737657236249	0.6724719085050432	0.6131838471900187	0.7713004489650641
34	0.6255130031135645	0.6674157314086229	0.6085981416595356	0.791479816885807
35	0.6147785387682111	0.6926966294813692	0.6035002023649857	0.7937219693521748
36	0.6134556001491761	0.7016853940620851	0.5984511191000318	0.7825112131679005
37	0.6109271131204755	0.6943820211324799	0.5908803514835546	0.7982062742849102
38	0.6058832782038143	0.696067415730337	0.5847629372849058	0.8049327316840134
39	0.6023941807532578	0.6955056161023258	0.5784700748097201	0.8004484267512779
40	0.5841855442925785	0.7174157306049647	0.5709449552634371	0.7914798190240903
41	0.5891266305794877	0.7050561813825972	0.5646812501509628	0.8026905792176456
42	0.5853279072247194	0.7213483152764567	0.5572715147728343	0.8026905813559289
43	0.5733898082475983	0.7286516853932584	0.5493314052376512	0.8026905856324953
44	0.5657926776435938	0.7342696642607786	0.5415371259499023	0.8004484267512779
45	0.5495813470208243	0.7522471922167232	0.5319259800183933	0.811659193359683
46	0.5523964642138963	0.7455056193169584	0.523436833390206	0.8049327338222966
47	0.5477028288198321	0.7449438215641493	0.5152396442109693	0.8071748862886643
48	0.5356629544429565	0.7640449431505096	0.5058000016907406	0.8161434982924184
49	0.5282004884119784	0.7713483150085706	0.4973456199393679	0.8206278010868705
50	0.5171641415424562	0.7719101116898355	0.4879451017208698	0.8183856486205028
51	0.5025843004162391	0.7842696621176902	0.47575640905598354	0.8363228704897278
52	0.49917407558205423	0.7786516835180561	0.46646593223772775	0.8430493278888309
53	0.49441421119014867	0.7848314617457015	0.45783457694566837	0.8430493278888309
54	0.4946428657247779	0.7820224737853146	0.45100588809214365	0.8340807198943578
55	0.4746492448147763	0.7943820228737392	0.44100265518966814	0.8475336346925642
56	0.4512512172206064	0.8224719091747584	0.42930710810182343	0.8587443930151216
57	0.4557638410771831	0.8078651678696107	0.4207388212060715	0.856502244558035
58	0.4512450738569324	0.8157303374804807	0.41051540045994817	0.8609865494907705
59	0.4340384213442213	0.8247191003199373	0.39967469744083595	0.8744394642889767
60	0.42636407526691306	0.8134831445940425	0.39083523707539514	0.8677130068898735
61	0.4190283942758367	0.8247191003199373	0.38173818882270777	0.8744394581414124
62	0.4097422826825903	0.8421348318625033	0.372120637797454	0.8789237692217121
63	0.4034901977255103	0.8382022462534101	0.36415826138359547	0.8834080741544476
64	0.38233562721295306	0.8455056190490723	0.35507997215596016	0.8834080741544476
65	0.3768860181395927	0.8488764062356413	0.34727717688799975	0.8811659195497966
66	0.37246068649077685	0.8556179785996341	0.339153124211615	0.8834080720161643
67	0.35265973973810005	0.8713483162140578	0.3303501707556002	0.8834080720161643
68	0.3473836507690087	0.8786516856611445	0.3269159805213389	0.8811659195497966
69	0.34369695903210157	0.8747191000520513	0.31791041791439056	0.8878923769488998
70	0.3360959134075079	0.8724719098444735	0.307557018281633	0.8901345294152675
71	0.33535021637262924	0.8786516857950875	0.30005865600878884	0.8946188343480029
72	0.319574940807364	0.8741573051120458	0.2938292520329557	0.8946188343480029
73	0.31554163995753515	0.8814606732197022	0.2880399067439306	0.9058295985508392
74	0.30836987880508554	0.8820224720440554	0.280163492389324	0.899103137142455
75	0.2965763927845473	0.8915730338418082	0.27303069128316615	0.9080717470079259
76	0.2898253332363086	0.8977528073814478	0.26925547922138676	0.9080717510172069
77	0.28237062793099477	0.9078651669320096	0.2625778507224113	0.9125560559499424
78	0.275303174505073	0.9050561799092239	0.2579110921632014	0.9147982084163101
79	0.27238919935869366	0.9061797755487849	0.25543785716653405	0.9080717510172069
80	0.26180275437537204	0.9140449420789655	0.2505219042835749	0.9125560559499424
81	0.2480720936917187	0.9213483128654822	0.24438864259976442	0.9170403608826778
82	0.2493543954042906	0.9162921349654037	0.2383188343368838	0.9192825133490455
83	0.24890452208143943	0.9123595494902536	0.23677225006669092	0.9170403608826778
84	0.2496148152297802	0.9146067411712047	0.23182848957889282	0.9260089707481487
85	0.23467798648255594	0.9207865177915338	0.2281178240685185	0.923766818281781
86	0.2402060110247537	0.9207865164521035	0.2308272092264864	0.9125560559499424
87	0.22592567513498027	0.9241573041744446	0.22100623767204883	0.9260089707481487
88	0.21999716166030156	0.9269662917330024	0.21987755907357007	0.9192825133490455
89	0.22052457262290998	0.9325842697968644	0.2148115063595665	0.9260089707481487
90	0.20583410601267654	0.9308988753329502	0.214202117826372	0.923766818281781
91	0.21402220012766593	0.9280898865689052	0.21080834228094383	0.923766818281781
92	0.1997749465904879	0.933146065540528	0.2119872576719977	0.9192825133490455
93	0.2013363805044903	0.9370786518193363	0.20538647663299278	0.9260089707481487
94	0.20311304592014698	0.9320224727137705	0.20424634569028033	0.9260089707481487
95	0.1974704964777057	0.9353932572214791	0.20129437046334347	0.923766818281781
96	0.19253076679920883	0.9410112367587143	0.20042402581249116	0.9260089707481487
97	0.18362154722883461	0.9404494363270449	0.19906525049909882	0.9282511232145164
98	0.18918676389737077	0.9348314614778155	0.19532805774778528	0.9260089707481487
99	0.17558518209484186	0.9404494376664752	0.19281038661976033	0.9260089707481487

The optimal condition:
	epoch: 97
	train_acc: 0.9404494363270449
	val_acc: 0.928251123215
	using time: 136.084069967
