The number of train datas: 14832
The number of test datas: 3708
epoch	train_loss	train_acc	val_loss	val_acc
0	0.6972291596884866	0.5208333333333334	0.6742801729272228	0.6156957928802589
1	0.6755468600390413	0.5725458469462883	0.6511633628908999	0.7095469246018666
2	0.646442568160698	0.6408441207555505	0.6106390209774112	0.7737324693699357
3	0.6009993701048011	0.6955231929674117	0.5466208033577138	0.8171521027882894
4	0.5369247769717903	0.7526968716289104	0.46055183145735	0.8546386191374276
5	0.4517960293457603	0.8102076589225308	0.38425014403517066	0.8708198491037856
6	0.38073791880180663	0.8513349512634154	0.3258720948215184	0.8870010796488296
7	0.32777866968702213	0.8778317150174607	0.2966011222512205	0.9004854365074133
8	0.2916502971061482	0.8968446602584732	0.2733601663169223	0.9091154257199268
9	0.2568264761949691	0.9139697950377562	0.25696178457369184	0.9177454146752465
10	0.23742570499000426	0.9232065803024762	0.2450089550294794	0.9288025895754496
11	0.22064565239472167	0.9305555555555556	0.23673479398863215	0.9339266454131858
12	0.2091961957458025	0.9366235166563057	0.22433780239816623	0.9366235170420962
13	0.19727153267546635	0.9410733551012016	0.21955178486747906	0.9382416392478614
14	0.18691077209534898	0.9445118660422719	0.22440152446525383	0.9406688237138808
15	0.1782202075246597	0.9492313917786558	0.2069948640809733	0.942017259528336
16	0.1727673109488194	0.9516585761803767	0.20281944738172533	0.9441747568314643
17	0.16659166568241202	0.9526024810576001	0.19715275312447367	0.9444444439943555
18	0.15932318860787534	0.9558387269479943	0.19454658926819263	0.9447141311572465
19	0.1545641789898003	0.9581310678968666	0.19501219111963897	0.9484897511805274
20	0.1532450719478318	0.9602211432806753	0.18871978946038176	0.9482200640176364
21	0.14812614424746914	0.9598840343913599	0.18800579525827718	0.9479503768547454
22	0.14675420275140863	0.9608279394614786	0.18614650339273958	0.9492988126692006
23	0.1392236390545916	0.9620415316301899	0.18705097753092437	0.9528047457867842
24	0.13771008233165022	0.9639293418990241	0.18827599866522682	0.9522653712038084
25	0.1354445314683832	0.9646709814683776	0.18102652773244995	0.9509169356465468
26	0.13171893109074173	0.9671655881109104	0.184168417018787	0.9533441198553725
27	0.1315039435508053	0.9631202803460526	0.1828791730772973	0.9530744326924815
28	0.13019201247887574	0.9657497302485387	0.17747084077893724	0.9533441201125662
29	0.12735402646766897	0.9670981662558892	0.17861393203370138	0.9533441198553725
30	0.12519656227823214	0.9668284790286997	0.1747841588919731	0.9514563099723289
31	0.12413959033956033	0.9677723840988184	0.17519483402644676	0.9536138072754573
32	0.1237709553512426	0.9665587916729134	0.17414084742370162	0.951995684298111
33	0.12367690487201159	0.9669633223529516	0.1747799146892312	0.9538834941811546
34	0.12044297766338274	0.968379180022428	0.17550954410752045	0.9544228699858006
35	0.11750820500147252	0.9692556634947191	0.17176888018299974	0.9533441198553725
36	0.11642475875482333	0.9699973029997743	0.17945483049624947	0.9541531828229095
37	0.1153569076503622	0.9693230851568451	0.17255929122079153	0.9544228702429943
38	0.1131222180724787	0.970266990419859	0.17287872062178233	0.9546925571486916
39	0.11260681400857182	0.9712108954256792	0.16986634104061538	0.9522653714610021
40	0.11081219145861387	0.97107605158704	0.17081785217297243	0.9552319317316674
41	0.10850959155455377	0.9709412083270866	0.17369842191730117	0.9549622443115827
42	0.10954326720347682	0.9710760518442337	0.16989228479813345	0.95172599713522
43	0.10787036659712416	0.9705366776470484	0.16739906320808517	0.9528047455295904
44	0.10581183640091422	0.9720873785121799	0.1685391835458456	0.9549622445687764
45	0.10464066663252626	0.9726941748858784	0.16960175691459814	0.9544228702429943
46	0.10448471367953922	0.9737729232159504	0.1690627278874607	0.9544228702429943
47	0.10209418828433385	0.9722222221579238	0.16648684639760977	0.9544228702429943
48	0.10320560267635148	0.9737055018110182	0.16635221038757148	0.9555016188945585
49	0.09979143013781842	0.9742448760082035	0.17030887724480068	0.9549622445687764
50	0.09887203910139901	0.974042610764632	0.16962464909273187	0.9544228702429943
51	0.1000582141783631	0.9738403453281653	0.17005450127419272	0.9544228702429943
52	0.098083870214166	0.9744471415089686	0.16801870391656923	0.9541531830801033
53	0.10055481389309597	0.9739751885881187	0.16574389391057315	0.9541531813440457
54	0.09768596944171119	0.9743797196539474	0.1714058111802531	0.9552319317316674
55	0.0962275769782555	0.9744471414446703	0.16614114421599635	0.9544228685069367
56	0.09622177762153208	0.9744471413803718	0.16744538436783427	0.9538834959172122
57	0.09314265643862331	0.975525890031936	0.16885503895878148	0.9544228702429943
58	0.09240276053821128	0.974716828414666	0.16700679061385806	0.9538834959172122
59	0.09386292914533435	0.9756607333561877	0.17546538679087947	0.9530744341713454
60	0.09185754089840278	0.9762001076819699	0.16970823443984007	0.9533441215914301
61	0.09091541920954356	0.9763349516492059	0.17239397680617974	0.952804747265648
62	0.09071146054625383	0.9762675298584832	0.16589195360836473	0.9533441215914301
63	0.08954499685029703	0.9759304207119741	0.16718894982672303	0.9530744344285391
64	0.08894107985875882	0.9766046386835001	0.16848842953979776	0.9530744344285391
65	0.08924866439181882	0.9765372166355837	0.1658681407972704	0.9536138087543212
66	0.08931622549714652	0.9760652641648228	0.16582342762070051	0.9538834959172122
67	0.08710408212361856	0.9764023730541381	0.17283007267866576	0.9514563111939991
68	0.0875670738807581	0.9772788563335341	0.16603621250538894	0.952535060102757
69	0.08665808850041357	0.9776833870778706	0.1670690157893792	0.9517259986140839
70	0.0849847231932314	0.977548543625022	0.16446663810597267	0.952804747265648
71	0.08508031931831356	0.9762675297298864	0.16475308343301956	0.9530744326924815
72	0.08403287681287804	0.977481121962896	0.16865409463001044	0.952535060102757
73	0.08320400853437385	0.9776833870778706	0.1754172446352893	0.950916936868217
74	0.08296702231532677	0.9772788563978325	0.1672673368466839	0.9541531830801033
75	0.08366719237503625	0.9778856527072326	0.1672334019355918	0.9519956857769749
76	0.08281695284954038	0.9782227617251449	0.16666330815872585	0.9517259983568901
77	0.0801431833893993	0.9784924488880359	0.16665072007729656	0.9522653729398659
78	0.0805687420351477	0.9778182309165099	0.16668172105101964	0.9522653729398659
79	0.07960942318861924	0.9780204960314844	0.16534627734521704	0.9522653729398659
80	0.0774353319375164	0.9791666666666666	0.1676930262593647	0.9533441215914301
81	0.08029171429823646	0.9783576049850983	0.16766041725423858	0.9514563114511928
82	0.07769586008439944	0.9788969793108804	0.16733088356391512	0.9533441215914301
83	0.07796848651339193	0.9803802589639748	0.16759140153758093	0.9517259986140839
84	0.0765765772322685	0.9789644011016031	0.1662293569603784	0.9519956857769749
85	0.07501668639344433	0.9795037754273852	0.16801879998646121	0.9514563114511928
86	0.07608167234780076	0.9790992446830487	0.1666152144359282	0.9514563114511928
87	0.07590689920411398	0.9789644013587968	0.16951131514457438	0.9514563114511928
88	0.07264113529487849	0.9802454151253356	0.17014790278936795	0.9519956857769749
89	0.0714047537491674	0.9798408846381927	0.16863931636722856	0.9511866240311081
90	0.07112269503784797	0.9803128370446552	0.17233528005523846	0.9511866242883018
91	0.07211364945145615	0.980312837173252	0.17003365475061513	0.950916936868217
92	0.07296684115297264	0.9797734627831716	0.16713187590386103	0.9519956857769749
93	0.07322850435200633	0.9793015100552169	0.17011872473240156	0.9514563111939991
94	0.07139670285431442	0.9798408846381927	0.16858790766652734	0.9511866240311081
95	0.06992273294681356	0.980447680818996	0.17170238341360544	0.9514563111939991
96	0.06949621906349317	0.9797060410567472	0.17280653846463212	0.9511866240311081
97	0.07065551030372211	0.9801105718010837	0.1675637672537739	0.9511866242883018
98	0.06911307507412591	0.9803128369160583	0.17329879965082598	0.9498381882166528
99	0.0691289193646936	0.9804476807546976	0.17177132546033674	0.950647249705326

The optimal condition:
	epoch: 48
	train_acc: 0.9737055018110182
	val_acc: 0.955501618895
	using time: 1238.84578705
