The number of train datas: 3104
The number of test datas: 778
epoch	train_loss	train_acc	val_loss	val_acc
0	0.7078733130828622	0.5054768041237113	0.6922752725434487	0.49614395888804774
1	0.704121636361191	0.5	0.6889825993454548	0.5257069408931891
2	0.6929952920097666	0.5267396907216495	0.6860992526946766	0.5359897172428035
3	0.6928418579789781	0.5231958762886598	0.6838178027871336	0.5539845758546288
4	0.6892503211178731	0.5293170103092784	0.681892007206277	0.5668380462724936
5	0.6898595377341988	0.5354381443298969	0.6799259935062771	0.5694087403598972
6	0.6872879586268946	0.541881443298969	0.677983788107845	0.5938303341902313
7	0.6809883246716765	0.5560567010309279	0.6755894900594088	0.6002570694087404
8	0.6815719506175247	0.5563788659793815	0.6730501538377188	0.6182519280205655
9	0.6755361163739076	0.5876288659793815	0.6698293327365865	0.609254498714653
10	0.6738380912652949	0.5837628865979382	0.6663866870507483	0.6272493573264781
11	0.6653469524432704	0.6056701030927835	0.6623387175844384	0.6413881748263511
12	0.6643599431539319	0.6030927835051546	0.6576075843489875	0.6658097686375322
13	0.656971095763531	0.615979381443299	0.6514587549440045	0.6876606683804627
14	0.6528488416032693	0.6214561855670103	0.6448410430726784	0.6953727509491241
15	0.6414705035612756	0.6572164948453608	0.6362195542048672	0.690231362774317
16	0.6433305826383767	0.6375644329896907	0.6276480100455198	0.7082262213861421
17	0.6268946804951147	0.6626932989690721	0.6172815521455975	0.7069408743424404
18	0.6185419153921383	0.6665592783505154	0.6062808301883982	0.7056555272987385
19	0.599761514319587	0.6942654639175257	0.5947294848130724	0.7069408738827644
20	0.5895035365193161	0.6958762886597938	0.584304031032523	0.7069408740359897
21	0.5804285400921536	0.7016752577319587	0.5751025673662788	0.715938303188677
22	0.5706288919006426	0.708118556701031	0.5674019373168063	0.7120822620575716
23	0.5546717483972766	0.7239046391752577	0.5605414039371559	0.7197943443197824
24	0.545189497397118	0.7303479381443299	0.5558591932441398	0.7236503854508878
25	0.5410706026037944	0.7303479381443299	0.5496824328574546	0.7082262213861421
26	0.521838115969884	0.7538659793814433	0.5488194872297174	0.7275064265819932
27	0.5222830551186788	0.7458118556701031	0.5427081356624711	0.715938303188677
28	0.5153921295687095	0.7509664948453608	0.5427404712588744	0.7249357324945896
29	0.5133429360143917	0.7557989690721649	0.5374613375161178	0.7185089972760806
30	0.5107810552587214	0.7557989690721649	0.5356342642350185	0.7210796918231601
31	0.49797588525359165	0.7638530927835051	0.5333148139914388	0.7197943447794584
32	0.5023097254566311	0.7593427835051546	0.5316032699876702	0.7300771206693968
33	0.4947127994802809	0.7683634020618557	0.530839321239442	0.7300771206693968
34	0.4858927099975114	0.7715850515463918	0.5311113157738144	0.7326478147568004
35	0.48874776756640564	0.7806056701030928	0.5228745011866552	0.7300771206693968
36	0.4740839241091738	0.782860824742268	0.5207391346021912	0.7313624677130987
37	0.47317245510435596	0.7744845360824743	0.5200360405108003	0.7339331618005022
38	0.4643622360278651	0.782860824742268	0.5144338364159846	0.7326478147568004
39	0.45481862542555507	0.788659793814433	0.5115273361953794	0.7365038558879058
40	0.4602195224196641	0.7928479381443299	0.5102169553540973	0.7339331618005022
41	0.4558570827405477	0.7973582474226805	0.5059329334138905	0.7455012851938184
42	0.4519791338861603	0.7976804123711341	0.5032899775051519	0.7493573263249238
43	0.4459602206023698	0.8021907216494846	0.5002221881883616	0.7519280204123274
44	0.44001263840911314	0.8134664948453608	0.497949529276409	0.7506426733686256
45	0.4388809824727245	0.8031572164948454	0.49554462880279226	0.7544987144997309
46	0.42997179879355674	0.8157216494845361	0.5034980254491987	0.7622107967619418
47	0.4233422420688511	0.8076675257731959	0.49117581059816257	0.7596401026745382
48	0.42617756558447767	0.8144329896907216	0.4898919435577098	0.7647814908493454
49	0.41483308298071636	0.8166881443298969	0.48651417729787166	0.7712082260678543
50	0.4186502962382798	0.8218427835051546	0.4821197943699697	0.7712082260678543
51	0.4193430930068812	0.8186211340206185	0.4790208158885299	0.7660668378930472
52	0.40384358567060885	0.8263530927835051	0.4832474328098689	0.7827763494611706
53	0.39675498070176113	0.8305412371134021	0.47655762023361914	0.7814910024174688
54	0.39281484791912985	0.833118556701031	0.474472528864608	0.7853470435485742
55	0.3895095193508974	0.8305412371134021	0.4694576347701654	0.7879177376359777
56	0.38726798898165987	0.8324742268041238	0.46996538789229403	0.786632390592276
57	0.3920479767101327	0.8321520618556701	0.46657695324378023	0.799485861029294
58	0.3796800848135014	0.8389175257731959	0.4648849311402034	0.7969151669418904
59	0.38630730466744334	0.8369845360824743	0.46671504785898105	0.7943444728544867
60	0.3738584641328792	0.8431056701030928	0.463071133529619	0.8033419021603994
61	0.3809736709004825	0.8350515463917526	0.461474097556504	0.805912596247803
62	0.36597760682253494	0.845360824742268	0.4557301277979481	0.7943444728544867
63	0.36041543471444515	0.8521262886597938	0.4529562580248384	0.7943444728544867
64	0.35925880627533824	0.8479381443298969	0.4507658159824754	0.799485861029294
65	0.3555539465442146	0.8537371134020618	0.45080918655910346	0.8084832903352066
66	0.35740751703989876	0.8508376288659794	0.45090716188548463	0.812339331466312
67	0.3494402225484553	0.8592139175257731	0.44449284634430797	0.8033419021603994
68	0.3422631547623074	0.8601804123711341	0.4443804820123246	0.812339331466312
69	0.3390055102171357	0.8608247422680413	0.44489595776658436	0.8136246785100137
70	0.3312596758616339	0.865979381443299	0.4472528950414192	0.8110539844226101
71	0.3347684808613099	0.8663015463917526	0.44204249855485245	0.8149100255537156
72	0.33278923489383816	0.8663015463917526	0.4420542084159459	0.8110539844226101
73	0.3278328240224996	0.8721005154639175	0.4416975012015561	0.8136246785100137
74	0.32700261104967177	0.8685567010309279	0.438332151784382	0.8149100255537156
75	0.312581074606512	0.8666237113402062	0.43635039050658747	0.812339331466312
76	0.3182282060691991	0.8727448453608248	0.43808129774574145	0.8136246785100137
77	0.3082909617841858	0.8788659793814433	0.43540045979090397	0.8200514137285227
78	0.3176039285266522	0.8711340206185567	0.4337819406336561	0.8226221078159264
79	0.30728305123515964	0.8746778350515464	0.43118868886964795	0.8161953725974174
80	0.3069621336828802	0.8727448453608248	0.43318291134883324	0.818766066684821
81	0.30355363346866726	0.8798324742268041	0.4304182606062117	0.8071979432915047
82	0.2929910962114629	0.8882087628865979	0.4286971955648731	0.812339331466312
83	0.2996593968769939	0.8778994845360825	0.4272754125699286	0.8200514137285227
84	0.29113971695457536	0.8885309278350515	0.4298297599685836	0.82519280190333
85	0.2900970074319348	0.8853092783505154	0.42765723325905886	0.8239074548596281
86	0.287474181848703	0.8885309278350515	0.4275558137342066	0.8136246785100137
87	0.2872631122770998	0.8885309278350515	0.43590225114614	0.8200514137285227
88	0.28010204864531446	0.8849871134020618	0.4324991918315005	0.8226221078159264
89	0.2739883105164951	0.8940077319587629	0.43411756435212867	0.8226221078159264
90	0.2727043668633884	0.8952963917525774	0.42507470504483713	0.8341902312092425
91	0.2730867444854422	0.8901417525773195	0.4225342040043564	0.8200514137285227
92	0.2731940396053275	0.8949742268041238	0.42757811973824295	0.8341902312092425
93	0.26766807916238133	0.8991623711340206	0.4255552913198741	0.8290488430344354
94	0.26989074604412944	0.8943298969072165	0.425278749518039	0.8264781489470318
95	0.25802496966627453	0.9036726804123711	0.4207620947097445	0.8264781489470318
96	0.2558112600722264	0.9039948453608248	0.4230963391632531	0.8239074548596281
97	0.2525200856100653	0.9065721649484536	0.43477844747602173	0.8213367610786751
98	0.252584252160849	0.9039948453608248	0.42984228981491224	0.8264781492534824
99	0.24977691394766582	0.90625	0.4234729493491754	0.8200514137285227

The optimal condition:
	epoch: 92
	train_acc: 0.8949742268041238
	val_acc: 0.834190231209
	using time: 264.011137962
