The number of train datas: 3778
The number of test datas: 946
epoch	train_loss	train_acc	val_loss	val_acc
0	0.7133684434734241	0.5087347805910226	0.6985669826604347	0.498942918303653
1	0.6993819625053285	0.515352038115405	0.6903763462574739	0.5539112062081222
2	0.6876899801340602	0.5431445209736417	0.6845051414366756	0.5782241004718031
3	0.6829309481802032	0.5590259397137158	0.678534081697968	0.6046511639248241
4	0.6772581744029952	0.5735839068132332	0.6705903539445889	0.6257928120913515
5	0.6683007365436766	0.5844362099818163	0.6610644505089484	0.6501057074891589
6	0.6557470216455757	0.6217575437370086	0.6483408029941373	0.6680761114487437
7	0.6435038400365285	0.6424033878466766	0.6326383644632255	0.6892177604973694
8	0.6258797664185438	0.6659608255813462	0.6138155571250028	0.7156448218081517
9	0.6096219784245408	0.6834303860692135	0.5940212965263625	0.7145877364573973
10	0.5928664411294391	0.6937533090391003	0.5714716446324081	0.7515856241827031
11	0.5677085619177246	0.7112228690536645	0.5497961903727332	0.7536997870713409
12	0.5560518865108237	0.7318687136997427	0.5309935925374828	0.7600422830460691
13	0.5397472552612006	0.7419269456631169	0.5127543649512164	0.7632135292692366
14	0.5178668932538616	0.7541026994309897	0.49775019489685524	0.7695560261260631
15	0.4975942948812401	0.7689253574896894	0.48352874862719286	0.7748414383882196
16	0.49294093006688366	0.7668078346754774	0.47097893301830734	0.7864693453649638
17	0.4668526474037393	0.7890418209431347	0.4626769630147841	0.7811839310865826
18	0.4531309110516275	0.7930121754072784	0.44894742524649073	0.7885835092617139
19	0.451221808104871	0.8012175753105248	0.43660368305684144	0.8002114172465705
20	0.4370291290647962	0.8070407624658672	0.4276636419916254	0.8097251594444662
21	0.42302829319046187	0.8178930650191562	0.4146249171417309	0.819238899374109
22	0.38990766198121407	0.8377448384442489	0.40317104602464915	0.8224101478655292
23	0.3925660587354209	0.8380095287250299	0.39308116318811576	0.8276955601276857
24	0.37765377865637845	0.8390682897219398	0.3836643089073657	0.8350951372947047
25	0.3609910911198581	0.8525674965029485	0.3790373511722678	0.8350951372947047
26	0.3482463326070471	0.8597141349044283	0.36035596448573703	0.8530655389860367
27	0.33515341501819074	0.8692429853596342	0.3499385534960926	0.8594080337006245
28	0.32721366903307325	0.8660667021795831	0.34577988674096277	0.8604651161530558
29	0.31714063538894127	0.8697723667731418	0.3400508831973812	0.8636363635103496
30	0.31215117364538103	0.8766543149253943	0.3275773287071486	0.8699788582249374
31	0.2858315846035252	0.8901535200656187	0.31702150294190984	0.8784355178443877
32	0.2862413163346674	0.887771307223054	0.32096992095983556	0.8763213529395251
33	0.2721439575063545	0.898888300877516	0.30562459083616605	0.8879492599162693
34	0.26596982374810996	0.9028586555940882	0.29930804597398947	0.8921775897259944
35	0.2550640660833593	0.9031233459064227	0.2937342513817309	0.8953488370832883
36	0.24790371156925245	0.9068290105630886	0.2930492087411074	0.8932346711703133
37	0.23811240565246725	0.9137109578949487	0.2854708835136059	0.8974630009800385
38	0.23775940446420724	0.9134462675826142	0.2795917816759416	0.8985200834324698
39	0.22864623376463633	0.9152990997374026	0.27135097372481487	0.9027484132421949
40	0.21902801042009498	0.9235044997037561	0.27715662268264096	0.9006342483373323
41	0.21680649005117208	0.918210693993475	0.2623091489706685	0.9038054956946262
42	0.20238458412926685	0.9295923768874512	0.2639533660313544	0.9080338255043514
43	0.20054025899928482	0.9325039705755598	0.2566555469881657	0.9069767430519201
44	0.1934067014034871	0.9311805184774767	0.26111874302522325	0.9101479925514527
45	0.18473073363682782	0.933827422389661	0.2487186194726327	0.9112050728616452
46	0.18831511232321574	0.9346214925693797	0.2547866975215222	0.9101479925514527
47	0.176611983646723	0.9430915830689426	0.24955399043023208	0.9154334048136092
48	0.170520740555764	0.9409740606018195	0.24249838662764991	0.9175475697184718
49	0.16986095125142578	0.9428268925041796	0.2500333540125831	0.9133192399087466
50	0.16729640111903024	0.9430915825640859	0.23996961423950014	0.9175475697184718
51	0.1580821301348314	0.9470619372491044	0.23991920687179485	0.9207188170757656
52	0.1598614469099575	0.9475913178737735	0.2341310586819689	0.9207188170757656
53	0.15344872771747028	0.9475913183786302	0.23003304138559116	0.9207188170757656
54	0.15117596170301473	0.9505029115618822	0.23048046721149448	0.9228329819806282
55	0.1468478959426481	0.9512969824988858	0.23326801370049632	0.9249471468854908
56	0.13592237537818463	0.9550026471555517	0.22936333682836993	0.9249471468854908
57	0.1363736395406117	0.9560614078684797	0.23205825239104902	0.9270613117903534
58	0.13691112986391596	0.9552673372154579	0.23225433674757123	0.9281183942427846
59	0.13973376135178633	0.9520910531834612	0.23192686915208624	0.9281183942427846
60	0.12794658287673352	0.9573848599350093	0.2269085031514692	0.9260042293379221
61	0.12936946643193983	0.957914240591232	0.22485361432550321	0.9249471468854908
62	0.12293064369449798	0.9592376916164945	0.22691841036018306	0.9270613117903534
63	0.12190099507806919	0.9626786664656826	0.22735175286394094	0.9291754766952159
64	0.12086286229737667	0.9626786662132542	0.23482546621409833	0.9281183942427846
65	0.11696778144736716	0.9629433562416069	0.23498998944653518	0.9281183942427846
66	0.11905349935407422	0.958708311780664	0.22015634479973836	0.9238900644330595
67	0.1203881538990252	0.9602964531182612	0.2419205946615458	0.9196617346233343
68	0.11146133258157839	0.9587083115282357	0.23370972148932312	0.9270613117903534
69	0.10206625629916527	0.9669137109266254	0.22408486286820115	0.9281183942427846
70	0.10572514996571539	0.9629433565255887	0.2317737662893017	0.9270613117903534
71	0.1060908725430973	0.9645314983995962	0.24090237797377728	0.9217758995281969
72	0.10253074454797394	0.9655902596489344	0.22555499747553032	0.9291754766952159
73	0.09988759167772428	0.9674430918352764	0.22367070937415007	0.9291754766952159
74	0.0979546951302591	0.9677077824000393	0.22285618799212872	0.9291754766952159
75	0.10194801390092167	0.9650608790242653	0.2463435606822277	0.918604652170903
76	0.09905700282429879	0.9692959240216183	0.22526625731278677	0.9270613117903534
77	0.09286633567355057	0.9714134465202949	0.22611880630065725	0.9281183942427846
78	0.08947339640164136	0.9711487556715501	0.2328087495399706	0.9260042293379221
79	0.09198130581423428	0.9690312339617122	0.2339195271847616	0.9260042293379221
80	0.08713288234459023	0.9730015881103204	0.23038932366836146	0.9260042293379221
81	0.09068020666683711	0.971942827144964	0.2287932029407448	0.9270613117903534
82	0.08846883037186225	0.9703546847345464	0.23625082851054804	0.9217758995281969
83	0.09311855665238968	0.9692959242740468	0.22292449070144657	0.9270613117903534
84	0.08535335508365995	0.9719428266085538	0.22752047928707797	0.9249471468854908
85	0.08552888427827016	0.971678136801076	0.22513393440281865	0.9260042293379221
86	0.08187345345541559	0.9748544208330727	0.22975788282006035	0.9238900644330595
87	0.08297394072097594	0.9711487559555321	0.22568969285198295	0.9270613096481146
88	0.07703206087859489	0.9769719433317492	0.24491398868172667	0.9217758995281969
89	0.0792884062196667	0.9737956593313061	0.22860297781216418	0.9238900622908207
90	0.07616003467851748	0.9735309687349896	0.23957306114330604	0.9228329819806282
91	0.0728541904988429	0.979354155890332	0.23723379139794357	0.9238900644330595
92	0.06817691890121516	0.97750132370399	0.2292066513074377	0.9260042271956833
93	0.07492693056795666	0.974854420328216	0.24906510101280807	0.9217758995281969
94	0.07269107920742338	0.9753838006689032	0.23779161073598246	0.9238900644330595
95	0.07172694399976554	0.9782953948934221	0.2399952338327187	0.9228329819806282
96	0.06454189827339304	0.9804129171396703	0.22897679368171833	0.9312896394578397
97	0.07245443461590055	0.9748544205806443	0.2343702884607537	0.9260042271956833
98	0.0653865331199164	0.979354155890332	0.25139914101765476	0.9196617346233343
99	0.06493455699318108	0.9782953941045834	0.24462832261593598	0.9260042293379221

The optimal condition:
	epoch: 96
	train_acc: 0.9804129171396703
	val_acc: 0.931289639458
	using time: 303.787618876
