The number of train datas: 3778
The number of test datas: 946
epoch	train_loss	train_acc	val_loss	val_acc
0	0.7214951596921433	0.4859714134778214	0.6985836361729821	0.47885835158144446
1	0.7057778827092709	0.49602964534653504	0.6897976082172756	0.5295983098022026
2	0.6951990432686248	0.5235574381448656	0.6849124736564104	0.5623678659535866
3	0.6881130480021633	0.5394388560961011	0.6799394905441155	0.5803382667628202
4	0.684551732952851	0.5484383274727614	0.6752489413317868	0.6152219888271792
5	0.6779854437735675	0.5566437266187229	0.6697080378552572	0.6215644835417669
6	0.6698550267974305	0.5870831122532163	0.662236841864112	0.6511627903196323
7	0.6592456956210119	0.6130227634615214	0.6521497803561027	0.673361520686563
8	0.6520513526152656	0.6281101115170201	0.640435498310194	0.6892177584811446
9	0.646117823757527	0.6416093169412265	0.627894171448641	0.7093023263374796
10	0.6356075351171357	0.6476971941249215	0.6128634497932853	0.7262156443162398
11	0.617052988787692	0.6762837478570549	0.5967733694937466	0.746300210030336
12	0.6045290985834415	0.6858125996059561	0.579509429145313	0.7494714575136439
13	0.5908048424915134	0.7011646372165043	0.5617861767903947	0.7568710356887753
14	0.5701413787881681	0.7223398627712336	0.545094650782188	0.7674418602130881
15	0.5573505689190329	0.7263102174562522	0.528403802036483	0.7748414373801072
16	0.547315030485439	0.7284277391660902	0.5154545361975534	0.7748414373801072
17	0.5234818058773726	0.7620434095898654	0.5019757879334826	0.7843551784438765
18	0.5101542293457457	0.7683959768650203	0.4895951857526509	0.7843551784438765
19	0.5115701694094738	0.7673372158050032	0.4787616834327988	0.7843551794519888
20	0.49032096925268986	0.7744838540487153	0.4677140924441638	0.7959830854206206
21	0.4802896115848032	0.7747485441086215	0.4579779015535028	0.8054968274925022
22	0.4606702387680005	0.7914240334701639	0.4473920926357173	0.804439745040071
23	0.4541779838427467	0.796453149940931	0.4366732886805343	0.8097251573022274
24	0.43832225118635065	0.8120698786526523	0.4274264290519295	0.8181818169216777
25	0.4288914330331278	0.8152461621797924	0.4203272155046967	0.8160676520168151
26	0.41112418270035356	0.8298041293266402	0.4050489424020997	0.8350951361605783
27	0.40181467664374315	0.830598199979662	0.39428469734010435	0.8361522186130096
28	0.38400883025249644	0.8433033350348283	0.3839712694885867	0.8414376308751661
29	0.37625471853970094	0.8451561674735987	0.38104240189899097	0.8424947154698362
30	0.3635394704789949	0.8499205930956208	0.3657660610328013	0.8551797048990116
31	0.3509030772334624	0.8599788249643345	0.35588852352370165	0.8551797027567728
32	0.3429738111821604	0.8605082055890036	0.3514870390705528	0.861522198605487
33	0.32267886430198645	0.8721545793317247	0.3388740258728475	0.8731501055822312
34	0.32215158364456	0.8761249340167432	0.3321114745439989	0.877378434383844
35	0.30923665783877347	0.8798305984209807	0.32465326987663734	0.8805496817411378
36	0.30093433507193074	0.8843303337306684	0.31964398325119664	0.8742071870265501
37	0.2900069740444595	0.8898888300057124	0.311105819509599	0.8805496817411378
38	0.2918256338766607	0.8901535206020289	0.3089252719793461	0.8837209290984317
39	0.2815145914866345	0.8970354681863174	0.29954669619841506	0.8911205062654507
40	0.267122765518863	0.9041821068717791	0.2983565445178155	0.8900634238130194
41	0.26382015788283786	0.9002117527547243	0.2906600161284271	0.8942917536227446
42	0.24856588209729272	0.9137109578633952	0.28858820709693256	0.892177588717882
43	0.24809427478125387	0.9113287450208305	0.2819334218164327	0.8942917536227446
44	0.23900371201458653	0.916887241895392	0.2781177704354421	0.8974630009800385
45	0.23735698249808312	0.9150344096774964	0.2723963166455134	0.899577165884901
46	0.22957349348125033	0.9190047641416401	0.26938389915870564	0.8985200834324698
47	0.22185748806070435	0.9261514033635121	0.2769553918730129	0.903805497836865
48	0.22203601683776425	0.919798835615054	0.26590109791362515	0.9038054956946262
49	0.20970532419569218	0.9253573318900982	0.2672692050263443	0.9016913329320024
50	0.2092582291793798	0.9269454737641055	0.25815052710804326	0.9069767440600325
51	0.2068239011387146	0.9274748541363463	0.25535355092481127	0.9101479925514527
52	0.2007016399318166	0.9330333509478006	0.2534096430648457	0.9122621574563153
53	0.19255949952824522	0.9303864483293116	0.25188689324492886	0.9154334048136092
54	0.196309476057457	0.9351508736989055	0.2542544574679582	0.9133192399087466
55	0.18911258388821445	0.9335627315724697	0.2514151555917228	0.9164904872660405
56	0.18851022770191514	0.9356802541026998	0.2494605100747143	0.9164904872660405
57	0.17265701241881964	0.9404446796931686	0.24671889104374367	0.9175475697184718
58	0.17715079647372045	0.9391212281630492	0.25082025120928725	0.9133192399087466
59	0.1803124150692186	0.9364743252605784	0.25003142191794153	0.9122621574563153
60	0.17326954068678155	0.9380624668821574	0.23999052187605086	0.9228329819806282
61	0.16985554058378874	0.942562202191845	0.2412031182022982	0.918604652170903
62	0.16916531494775736	0.9428268922517513	0.24174275551676497	0.9164904872660405
63	0.15986303972497448	0.9444150348830438	0.23953535833079012	0.9196617346233343
64	0.15845693880568867	0.9444150349145973	0.2439018305524963	0.9143763223611779
65	0.1566502284584	0.9481206990032993	0.24263407784586982	0.9164904872660405
66	0.1578101652081269	0.9407093705419134	0.23414559292175804	0.9260042293379221
67	0.15191828606619664	0.9465325566244353	0.23827130716081402	0.9175475697184718
68	0.1507039656788663	0.9465325568768637	0.2366824892623228	0.9164904872660405
69	0.14845635648471708	0.9491794597162274	0.22657985604086586	0.924947144743252
70	0.14894689994239504	0.9491794600002093	0.23055948496620954	0.9238900644330595
71	0.14139372814799692	0.9502382217859578	0.233608780054663	0.9196617346233343
72	0.14121605102870122	0.9550026469031233	0.22626374433521992	0.9291754766952159
73	0.1401576623044486	0.9526204340605586	0.22577444738048832	0.9281183942427846
74	0.13242388634595875	0.9523557442530808	0.22707999538606619	0.9281183942427846
75	0.13569105321481278	0.9534145049975624	0.24695896128897435	0.9080338276465902
76	0.13059803850203358	0.9568554793418936	0.22280886197505995	0.9260042293379221
77	0.12727785844093534	0.9589730020929986	0.2229583682708962	0.9260042293379221
78	0.12419951511098318	0.9573848594301526	0.22522858834291865	0.9260042293379221
79	0.1263396662614092	0.9589730020929986	0.23585962282048722	0.918604652170903
80	0.11910221588049949	0.956590789250434	0.21967074994872035	0.9281183942427846
81	0.1203209730471613	0.9576495502788974	0.22448039122603156	0.9249471468854908
82	0.11715514075983259	0.9587083112442537	0.22646033943455518	0.9260042293379221
83	0.11928819186981549	0.9584436212159011	0.22291439173085492	0.9270613117903534
84	0.11605962600545192	0.9626786656768439	0.22179155135192527	0.9270613117903534
85	0.11645504045006837	0.9597670727775739	0.22783489407179974	0.9270613117903534
86	0.10954935540277028	0.9605611436830241	0.21890917629885623	0.9260042293379221
87	0.10758435870523236	0.9626786659608259	0.21589810198003595	0.9270613117903534
88	0.10540258260064178	0.9637374269261823	0.2281036005841753	0.9281183942427846
89	0.1073399397976945	0.9613552143675994	0.2207275728279642	0.9249471468854908
90	0.10112015163065455	0.9679724727123739	0.23668778840507565	0.9228329819806282
91	0.10091075037303837	0.963472736866276	0.2180661454670777	0.9281183942427846
92	0.1041503910541282	0.9640021174909451	0.22284494041136405	0.9260042293379221
93	0.09210791327591734	0.9687665431445209	0.22360764388743212	0.9260042293379221
94	0.0943868324878419	0.9645314981156142	0.220567835231034	0.9270613117903534
95	0.09792185905687767	0.9687665433969492	0.22120321189185277	0.9270613117903534
96	0.0907532298447374	0.9700899947061937	0.21734042752368757	0.9281183942427846
97	0.08928061306650137	0.9700899949586221	0.220901741144143	0.9260042293379221
98	0.09369835257135793	0.9685018525482044	0.21889072829900785	0.9260042293379221
99	0.08980805880023791	0.9692959242740468	0.22284849137697865	0.9260042293379221

The optimal condition:
	epoch: 72
	train_acc: 0.9550026469031233
	val_acc: 0.929175476695
	using time: 251.796123981
