The number of train datas: 5206
The number of test datas: 1302
epoch	train_loss	train_acc	val_loss	val_acc
0	0.7026453575994526	0.5194006914182027	0.6858795495809681	0.5591397849462365
1	0.6924281178462336	0.5334229733432846	0.6814327398386603	0.5814132100792342
2	0.6863125918738622	0.5424510181476829	0.6775678723089157	0.6013824885708212
3	0.67735136677291	0.5731847864410028	0.6733292582031403	0.6244239629505234
4	0.674619121502053	0.5770265074404578	0.6680060376036918	0.6382488482925016
5	0.6718322486773024	0.5875912411735922	0.6628473814914486	0.6443932415336691
6	0.6637798183430538	0.6037264699162862	0.6557919788653583	0.6528417822402743
7	0.6569097388766153	0.6196696117342869	0.6485816680707507	0.6804915512761762
8	0.6452241156635219	0.6352285824278159	0.6390007544772416	0.670506912076162
9	0.6344365269873081	0.6469458317555147	0.6286140687637798	0.6843317968687886
10	0.6237359595353723	0.6623127163257958	0.6180976654893608	0.6843317968687886
11	0.6074693204575303	0.6819054940504338	0.6051508292624478	0.7058371736706677
12	0.5949402366332993	0.6905493665052935	0.5942512215007835	0.7173579107231808
13	0.5827522104032856	0.7047637340155098	0.579477033856827	0.72427035339417
14	0.5597781536444489	0.7351133312530532	0.5653609895303319	0.7288786485997213
15	0.5469799960204559	0.7312716094521527	0.5510443593225172	0.732718894375451
16	0.5319246947879842	0.7441413751987599	0.5342773818933103	0.7526881724092451
17	0.512096724096189	0.7593161733252152	0.5186204988103126	0.7649769586169042
18	0.4918500310038311	0.7735305417284707	0.4986603968246009	0.7780337945290609
19	0.465629659590243	0.7887053396717384	0.476313874560384	0.7933947776319794
20	0.4477208489255176	0.8067614294408241	0.45530221566626555	0.8064516127201086
21	0.4212769463893042	0.8196311949355484	0.4347730867690571	0.8125960062359519
22	0.4086888749073709	0.8246254322623181	0.4165294663422668	0.821812596097703
23	0.3852123292739053	0.8436419512966346	0.3962073338929043	0.8394777263913836
24	0.3672765387258665	0.8465232423897024	0.3801161468303698	0.8471582184921944
25	0.34630709513306296	0.8628505568434722	0.3662420052537171	0.8486943168024863
26	0.33266876020250163	0.8678447947198045	0.3534007357653751	0.8648233490605508
27	0.3256218631680636	0.8737994625941177	0.3438659411970921	0.864823348328082
28	0.30383591079684436	0.8832116790839997	0.33249151871501026	0.8663594466383739
29	0.29838404293546666	0.8839800232106156	0.3264222618896291	0.8686635943784875
30	0.2850975891145156	0.8918555515388594	0.31878619031056465	0.8709677418439252
31	0.28044682552253014	0.892239723006808	0.3115458630380176	0.8763440862046226
32	0.27516499695253976	0.8943526699732598	0.3060252116664031	0.8809523811354981
33	0.2662788355666493	0.8999231659216557	0.3005053371236804	0.8809523811354981
34	0.25624750185324235	0.9035728008665582	0.29636088489753676	0.88248847944579
35	0.24898957009160697	0.90971955470383	0.2927036907541038	0.8817204302906441
36	0.2469324047433565	0.9160583945040606	0.3046464267917859	0.8801843315225593
37	0.24284244098321686	0.9124087594675642	0.2892465178272508	0.8847926271859036
38	0.23867422325699045	0.9147137922137872	0.2828039162765084	0.8901689709972493
39	0.2264676653464116	0.9183634271586898	0.2887293172688345	0.8870967739188726
40	0.22152550449244937	0.9229734921015733	0.2775121400799436	0.893241167617833
41	0.21433865651345188	0.9283519020870105	0.2737862881381757	0.894009216772979
42	0.21738189438238448	0.9212447177937889	0.2710578514637852	0.8978494628233844
43	0.20516499141363562	0.9268152127575517	0.27527278274892847	0.8963133640552995
44	0.20661419593413152	0.9304648485038998	0.2695661055556457	0.8963133642384167
45	0.2024901175769164	0.9321936230864655	0.2704181032979177	0.8970814133935626
46	0.1985462293389482	0.9316173648312144	0.26517942595866417	0.9009216589861752
47	0.19759111046859773	0.9333461387955222	0.2639110546370256	0.9032258064516129
48	0.1881581006533725	0.9346907417040534	0.26224280349029006	0.9032258064516129
49	0.1916977843005658	0.9379562041047808	0.2623453136367549	0.9032258061769372
50	0.19280387885951555	0.9350749139047521	0.25986222155998745	0.9039938556067588
51	0.18225033771313937	0.9350749138131583	0.2618230847032389	0.9070660519526668
52	0.1786948255092604	0.9393008071964996	0.25922370334649414	0.9039938556067588
53	0.17515648161842876	0.9404533227223687	0.25784990873571184	0.9039938556067588
54	0.17743963370106103	0.9383403760306981	0.2578141136973318	0.9070660522273426
55	0.17190828238468284	0.9429504415231441	0.25672131368229467	0.9039938556067588
56	0.17275459574384502	0.9408374947398798	0.2559720488599918	0.9086021505376344
57	0.1747838602391656	0.943718785901643	0.25722659865648884	0.9109062980030722
58	0.1721075973028043	0.9442950445232692	0.25241515129667275	0.9062980030721967
59	0.1674239364464467	0.9435266995036139	0.25273171419738444	0.9062980030721967
60	0.1634960460733827	0.9481367655227242	0.25260361436233725	0.9078341013824884
61	0.15602236010686646	0.9450633879400334	0.2539405696860839	0.9062980030721967
62	0.1577856377099186	0.9506338838884293	0.2518238891288066	0.9070660522273426
63	0.1607668804540755	0.9494813671947395	0.2507212101131357	0.9086021505376344
64	0.1588656770475452	0.9477525935968069	0.25069168801727015	0.9086021505376344
65	0.15158209633447095	0.9502497114129493	0.24911691002353178	0.9093701996927803
66	0.15244811601561856	0.9512101418688991	0.24919169501454416	0.9101382488479263
67	0.15077390555826187	0.9514022279234515	0.24903381539196828	0.9101382488479263
68	0.15051445818913703	0.9533230884689758	0.2555624644190485	0.9101382488479263
69	0.148334409650866	0.9506338843234997	0.24844768645668178	0.9124423963133641
70	0.14864420037841136	0.9525547449606179	0.24628021552037166	0.9124423963133641
71	0.14322550711016266	0.9514022278318577	0.24727765493632828	0.9124423963133641
72	0.1432394582550662	0.9508259695766067	0.2475922574073122	0.9155145929339478
73	0.1408817990555289	0.954667690850843	0.24933265809959712	0.9132104454685099
74	0.1448591391638614	0.9554360351606465	0.24666332025452875	0.9139784946236559
75	0.13576786206907096	0.9581252405426386	0.2472446845263563	0.9132104454685099
76	0.13481621626267926	0.957164809468431	0.24845621115692568	0.9132104454685099
77	0.13840150794202533	0.9556281210320114	0.2454704073373623	0.9147465437788018
78	0.133547841686837	0.9563964660516666	0.2446768552110675	0.9124423963133641
79	0.1304196892474369	0.9575489823789812	0.2463663197973723	0.9139784946236559
80	0.12968409757830754	0.9598540145069464	0.2502961255690103	0.9109062980030722
81	0.12895341904184884	0.9565885513047736	0.24613366740685638	0.9155145929339478
82	0.12640837705620792	0.958701498706296	0.24684477060712795	0.9162826420890937
83	0.12888055570105889	0.9583173257957456	0.24743806527850265	0.9147465437788018
84	0.1265988108450479	0.9598540150336106	0.24742511167733167	0.9178187403993856
85	0.1252027781672355	0.9581252398327869	0.24821219445648282	0.9178187403993856
86	0.11995441017474205	0.960814444596521	0.24764197086271603	0.9170506912442397
87	0.11773875200869806	0.9615827887231371	0.24965598740931114	0.9162826420890937
88	0.12377997662670283	0.9613907027601784	0.24753641765192724	0.9162826420890937
89	0.1143827580782802	0.9644640803428691	0.2519521119957146	0.9116743471582182
90	0.11697921289694203	0.9611986174154776	0.2475875479021838	0.9178187403993856
91	0.11934193313591214	0.9604302726706037	0.24689208104428242	0.9162826420890937
92	0.11444188842762447	0.9642719941967229	0.24856591514796705	0.9170506912442397
93	0.11258197748404579	0.964848251833716	0.24908733247749268	0.9170506912442397
94	0.10819886940239119	0.9635036493602552	0.2505868042943664	0.9185867895545314
95	0.11028966843463621	0.9635036492686614	0.2515690600336422	0.9162826420890937
96	0.10865936895150476	0.9663849401785418	0.25016154993193856	0.9185867895545314
97	0.10874533223770373	0.9661928543071768	0.2504130818991251	0.9170506912442397
98	0.10548155832373084	0.9642719936700587	0.2517547634889453	0.9155145929339478
99	0.10572212967124299	0.9629273911965979	0.25144946697052173	0.9162826420890937

The optimal condition:
	epoch: 96
	train_acc: 0.9663849401785418
	val_acc: 0.918586789555
	using time: 412.866274834
