The number of train datas: 2406
The number of test datas: 602
epoch	train_loss	train_acc	val_loss	val_acc
0	0.7201814718377263	0.5037406496177191	0.6798149868103357	0.6046511606124548
1	0.6762973669659368	0.5818786364441996	0.6584439309332458	0.659468438538206
2	0.6515426357289898	0.6371571068355468	0.6285566483621186	0.8056478379572745
3	0.6185392885037689	0.697423109588084	0.588152308004639	0.8754152790256513
4	0.5761133671203258	0.7472984211601422	0.529921581380787	0.9269102995973885
5	0.5149250078082382	0.8133832076541206	0.4525843500298915	0.9435215948824075
6	0.43825109400852263	0.8661679138962863	0.36256329274652804	0.9485049792302407
7	0.35763846180484576	0.8994181216109919	0.2802167028386727	0.9518272381684313
8	0.2858969405949958	0.9239401484863617	0.21496353662291237	0.9518272381684313
9	0.2266581956411736	0.9455527848535444	0.1724773402328903	0.9551494973046439
10	0.1924041416480555	0.9497090608302693	0.14379284513551135	0.9617940155770691
11	0.17298722048526194	0.9534497078220149	0.13473374478246683	0.9551494973046439
12	0.15452901911259886	0.9555278459094706	0.12008776305323819	0.9617940155770691
13	0.1395467532022933	0.9605153782706606	0.1130886255110617	0.9617940155770691
14	0.13818957310414573	0.956359102393029	0.11263008069160373	0.9584717564408566
15	0.12162483936285635	0.962177887373137	0.10571065939888606	0.9651162747132818
16	0.1217764292844414	0.960931004679213	0.107057974621208	0.9601328860089628
17	0.12077105657219986	0.9592684955271897	0.10717078130011543	0.9617940155770691
18	0.11599551425536077	0.967581046192426	0.10500684736971047	0.9617940155770691
19	0.11145892943675975	0.9634247715534613	0.10729725411365991	0.9617940155770691
20	0.10930231946860366	0.9675810461428793	0.10848171697106472	0.9617940155770691
21	0.10471708214193806	0.964256026798353	0.09936355241261843	0.9634551451451755
22	0.09948496358873243	0.9667497922357479	0.10727486847296505	0.9617940155770691
23	0.10715877915038136	0.9671654186443003	0.10327805725987567	0.9651162747132818
24	0.09508992621329855	0.9692435566822093	0.10458896361118139	0.9634551451451755
25	0.10038234730710215	0.9671654185947536	0.10143506182883665	0.9651162747132818
26	0.09564831509802209	0.9704904393265867	0.10516533306320244	0.9651162747132818
27	0.0884017509486486	0.9688279301745636	0.1067402010715483	0.9634551451451755
28	0.0886162232208133	0.9696591841312417	0.09746862826652306	0.9634551451451755
29	0.09013902022505639	0.970906068311566	0.10104633847938424	0.9651162747132818
30	0.09184444329685107	0.9696591854690019	0.09900053936455931	0.9651162747132818
31	0.0858597177656016	0.9709060669738059	0.10009020943801071	0.9667774042813881
32	0.09382734692354353	0.9733998325598409	0.09978372441524287	0.9667774042813881
33	0.08644028346140188	0.972568578553616	0.10116234815917736	0.9667774042813881
34	0.08069206538268753	0.9763092257435483	0.09967570377519955	0.9667774042813881
35	0.08251690629835635	0.9729842062503817	0.10465776808931186	0.9651162747132818
36	0.08591290460535614	0.9750623441891976	0.100704829050754	0.9667774042813881
37	0.08167359025425844	0.9754779705482033	0.10044263170233794	0.9667774042813881
38	0.0841731060472807	0.9742310890433993	0.10034368314046994	0.9667774042813881
39	0.08314829262736828	0.9729842062503817	0.09135316051171467	0.9651162747132818
40	0.0827455210901258	0.9725685786527093	0.0955607011679102	0.9667774042813881
41	0.07527295949985757	0.976309226982215	0.09728672654921826	0.9667774042813881
42	0.07866115507639554	0.9746467166410717	0.0956269035307672	0.9667774042813881
43	0.07722277247524222	0.9767248533412207	0.09882399799964357	0.9667774042813881
44	0.07464128758693277	0.9775561098247791	0.09905557409300163	0.9667774042813881
45	0.07707742238394043	0.976724853291674	0.0925293210522578	0.9667774042813881
46	0.07730147252765082	0.9779717360846915	0.09262238308614076	0.9684385338494944
47	0.07613738507949008	0.9758935994340892	0.09785807797332538	0.9667774042813881
48	0.07492692359813728	0.9763092258426416	0.09542886115783869	0.9684385338494944
49	0.07329242706224508	0.9763092270317617	0.09526227434410209	0.9684385338494944
50	0.07392184257953244	0.9788029913295831	0.09459424685327912	0.9684385338494944
51	0.06943229378409319	0.9788029926177966	0.09289562807997001	0.9684385338494944
52	0.07106118207040273	0.9817123857519573	0.09064308867056504	0.9717607929857071
53	0.07035646710857588	0.9754779718364167	0.09239722769150505	0.9700996634176007
54	0.06485874732415922	0.9808811305070657	0.0962602574737167	0.9684385338494944
55	0.06510362123214297	0.9800498741721473	0.10034407998908595	0.9651162747132818
56	0.070062988153593	0.9775561097256857	0.09304159461981633	0.9700996634176007
57	0.07045636586194622	0.9796342465249281	0.0904286267588602	0.9717607929857071
58	0.06757994960135752	0.9779717360846915	0.09291328546092954	0.9700996634176007
59	0.06753252858817825	0.9788029912800364	0.09415672695963485	0.9700996634176007
60	0.06959968320375072	0.9767248546294341	0.09194005537542987	0.9700996634176007
61	0.0649675531738615	0.9783873649705774	0.09005233608310009	0.9717607929857071
62	0.06686074068693944	0.9783873650201241	0.09143108145590637	0.9717607929857071
63	0.06364581754380033	0.981712385801504	0.09263292729136753	0.9700996634176007
64	0.06406000103563045	0.9808811293179456	0.09182144624128492	0.9717607929857071
65	0.06475052537268039	0.9808811293179456	0.08690374740631478	0.9717607929857071
66	0.06491529503380469	0.977971737372905	0.09049890750394113	0.9717607929857071
67	0.0630990190405154	0.9804655016707264	0.0925956532742791	0.9700996634176007
68	0.0652094339628271	0.9767248546294341	0.09070054990582886	0.9717607929857071
69	0.06080970499457068	0.9817123844637439	0.0945813354550307	0.9684385338494944
70	0.06472115843856424	0.9796342477635949	0.08590862055949594	0.9734219225538133
71	0.060159881073588245	0.9821280133991764	0.09006933558521872	0.9717607929857071
72	0.06127486320975812	0.9817123845132906	0.09282476649901202	0.9700996634176007
73	0.05971610279489039	0.9808811292683989	0.0845264034636591	0.9734219225538133
74	0.058056156113062515	0.9817123857519573	0.08866985902140703	0.9717607929857071
75	0.06062305958961707	0.9804655029589399	0.08585104286868707	0.9734219225538133
76	0.06078318274538912	0.9825436396590889	0.08683640529027215	0.9717607929857071
77	0.0557772121821853	0.9825436409473023	0.08932140209647112	0.9717607929857071
78	0.05704072441097507	0.9850374065333372	0.08941267798360795	0.9717607929857071
79	0.05662427976083379	0.9833748949039804	0.08598408025018005	0.9734219225538133
80	0.06049216731744861	0.979218618877709	0.08864060469417279	0.9717607929857071
81	0.05498673483816069	0.9833748961426473	0.0878297236757322	0.9717607929857071
82	0.05529417375029867	0.9842061513379923	0.08698066054809331	0.9717607929857071
83	0.05158353257066542	0.9837905224521063	0.0870351909143089	0.9717607929857071
84	0.05154560681305522	0.9833748960931006	0.08690071940743845	0.9717607929857071
85	0.05453362424276515	0.9837905237403197	0.08894677918119684	0.9717607929857071
86	0.050767700240505254	0.983790523690773	0.08371078408016913	0.9734219225538133
87	0.053547324604995034	0.9858686604404687	0.08744432637932095	0.9717607929857071
88	0.05119758119755552	0.9854530341310097	0.0828944290817972	0.9734219225538133
89	0.04900062660178044	0.9821280133496298	0.0875252024626415	0.9717607929857071
90	0.052643169451532815	0.9850374065333372	0.08579801797767811	0.9717607929857071
91	0.0530574989295313	0.9846217789356647	0.09101267934365329	0.9717607929857071
92	0.05229916285447844	0.9850374065828839	0.08987502194322225	0.9717607929857071
93	0.04811034761276328	0.9862842880381412	0.08699903488035415	0.9717607929857071
94	0.048380200256433276	0.983790522501653	0.08784670570859085	0.9717607929857071
95	0.04543181562971197	0.9866999156853604	0.08352130317311747	0.9750830521219197
96	0.05146010055308132	0.9837905237403197	0.08780792444028529	0.9717607929857071
97	0.05241582071035481	0.9854530341310097	0.09039664765405299	0.9717607929857071
98	0.04890512087376957	0.984621778886118	0.08499145838261839	0.9717607929857071
99	0.047729577867628534	0.9871155432334862	0.08375934351148993	0.9734219225538133

The optimal condition:
	epoch: 95
	train_acc: 0.9866999156853604
	val_acc: 0.975083052122
	using time: 162.272854805
