The number of train datas: 2416
The number of test datas: 604
epoch	train_loss	train_acc	val_loss	val_acc
0	0.715614826079236	0.4768211928424456	0.6984551691061613	0.500000001578931
1	0.7079195684155092	0.5012417214595719	0.6931573894639679	0.5132450311389191
2	0.6954577288880254	0.5256622524450947	0.6886635675335562	0.5397350979561837
3	0.6901567775682108	0.5413907286741876	0.6837639709971598	0.5728476813297398
4	0.6844131437358477	0.5467715239682734	0.6792386189991275	0.5960264888820269
5	0.6765304148591906	0.5749172177535808	0.67415990458419	0.6192052964343141
6	0.6725409192754733	0.5815397339151395	0.6684315812508792	0.6291390704792856
7	0.6710036610135969	0.584850992588018	0.6617098276978297	0.6473509921932852
8	0.6613264616751513	0.605960263716464	0.6534513858769904	0.6804635718168802
9	0.6521692493103988	0.6341059598701679	0.6444891639892628	0.6953642344632686
10	0.6406380617065935	0.6485927164159864	0.633387612191257	0.7168874203764051
11	0.6309456691047214	0.6672185418621593	0.6208493922719892	0.7350993401167408
12	0.617463295033436	0.6763245025217928	0.6074154049355462	0.7516556315074693
13	0.6061405717142371	0.6899834444980748	0.5904807574701625	0.7748344370860927
14	0.5983609328206801	0.7011589415815492	0.573669807800394	0.7913907284768212
15	0.5875976219871976	0.7081953646331434	0.5552720309093299	0.804635760010473
16	0.5690852451008677	0.7264072851629446	0.5370568640974184	0.8079470182886187
17	0.5521179907369298	0.7396523186702602	0.516958765241484	0.8162251624050519
18	0.5244408885374764	0.7578642372263978	0.49828177887872355	0.8162251639839829
19	0.5108185386815608	0.7706953654226089	0.4786173421026066	0.8228476797508089
20	0.5053794664262936	0.7677980120608349	0.4633965559353102	0.8294701963071002
21	0.49300893470151536	0.7835264900662252	0.44772018640246614	0.8377483404235334
22	0.47527032380072487	0.7860099345642999	0.43437778989210823	0.8377483416077317
23	0.47376973719786336	0.795529801719236	0.4231682194779251	0.8493377518969656
24	0.4593176831867521	0.802152317486062	0.42155171269612596	0.8228476821192053
25	0.44128919970120817	0.8153973513881102	0.40388797055806547	0.8526490109645768
26	0.4404842188421464	0.8100165551071925	0.3951526177639993	0.8576158975923298
27	0.4323343962233588	0.8108443700714617	0.3876779262987983	0.8526490109645768
28	0.42335284111515575	0.8269867561510856	0.38106908407432355	0.8493377526864311
29	0.41816985015048097	0.8195364234463268	0.3745392156357797	0.8509933735361163
30	0.40519142683768117	0.822847682513938	0.3651944793612752	0.8625827850095483
31	0.40138708992509653	0.834850992588018	0.3584985097512504	0.8609271558704755
32	0.3897440465080817	0.8257450323231172	0.35203744895410854	0.867549672426767
33	0.3906181061899425	0.837334438270291	0.3461828399572941	0.8642384145433539
34	0.37806069436452244	0.8472682111310643	0.3401474297441394	0.8725165602387182
35	0.36532575128883715	0.848096026884799	0.33482478983354885	0.8658940440771595
36	0.3774111768267802	0.839403974694132	0.328285911620058	0.8758278185168639
37	0.3691259105473954	0.8485099337748344	0.3232785737672389	0.8758278177273984
38	0.35643069219115553	0.8617549664926845	0.31796865747464415	0.8824503346784225
39	0.3527800944072521	0.856374171395965	0.31579622251308515	0.882450335467888
40	0.3513942412193248	0.8621688729879872	0.30694150786526153	0.882450333888957
41	0.3369982299820477	0.866721855488834	0.30068695150463787	0.8890728508399812
42	0.33880615352794824	0.8642384117802248	0.29579385996654334	0.8907284795843213
43	0.34562919649067303	0.8625827806674882	0.3031336876335523	0.8791390771897424
44	0.3334273536078977	0.8687913899390113	0.28853707735901635	0.8923841099075923
45	0.32516523643045236	0.8700331137669797	0.28663305277066514	0.895695368185738
46	0.32017488925662263	0.8733443696767289	0.2783233756261156	0.9006622544187584
47	0.3178928548729183	0.8716887421165871	0.27513982898352163	0.9023178831630985
48	0.32163710566545956	0.8700331113985832	0.27086347578377123	0.9023178835578313
49	0.31416383681707827	0.8766556291390728	0.26671009900554127	0.9006622544187584
50	0.31193811273732724	0.8807947011972894	0.2635765146735488	0.9023178835578313
51	0.29623434519925657	0.8849337740449716	0.25900218680204934	0.9105960288584627
52	0.28982262165341155	0.8923841059602649	0.2596836299296246	0.9072847713697825
53	0.2955301867810306	0.879966886627753	0.2553172482560013	0.9006622548134912
54	0.287835724109056	0.8832781464848297	0.2516065044513601	0.902317883952564
55	0.2882290944358371	0.8903145699311565	0.2498692422118408	0.902317883952564
56	0.2770918351135507	0.8994205286171263	0.2458613852396706	0.9139072871366084
57	0.2762253621950844	0.8985927140475899	0.2471693977220169	0.9122516587870011
58	0.2804135802565821	0.8878311258278145	0.2417057462480684	0.9105960296479282
59	0.2703509589299461	0.894453642384106	0.23810368914477872	0.9172185454147541
60	0.26979375102662095	0.8919701986754967	0.2368393354857994	0.9122516587870011
61	0.2676264266699355	0.8990066237007546	0.23921032733475137	0.9221854336214381
62	0.2546778927180941	0.9064569540371169	0.23299961739423258	0.915562916670414
63	0.2600556841946596	0.9006622504714309	0.23199281372771358	0.923841062760511
64	0.2531635474092913	0.902317880794702	0.22969584887390895	0.9172185462042196
65	0.25503985129839535	0.9031456941800402	0.228191092511676	0.9238410623657782
66	0.2593380888763642	0.902731786895272	0.22541551400494103	0.9221854328319726
67	0.2508989679102866	0.9056291386781149	0.22587166578564422	0.925496691504851
68	0.24121321056852277	0.9110099341695672	0.2228171385281923	0.9304635785273369
69	0.23381130249295012	0.9134933782729092	0.21825584917273744	0.9304635777378714
70	0.22945371053076738	0.9159768207973202	0.21700278329138725	0.9321192076664098
71	0.22786819066432928	0.9139072859524101	0.2175371236359047	0.9304635785273369
72	0.22708542013405175	0.9110099337748344	0.21884650070935685	0.925496691504851
73	0.2267980978188925	0.915562915091483	0.213738836200032	0.9304635785273369
74	0.23023600530940175	0.9130794713828737	0.21291322483132216	0.9254966903206528
75	0.22821943057293922	0.9114238406648699	0.2097147281793569	0.9370860950836283
76	0.231566871732276	0.9126655621244418	0.20919292020481944	0.9354304655498227
77	0.21684358086412317	0.9201158952239333	0.20761195328456677	0.9354304655498227
78	0.21552721465265515	0.9176324511205913	0.20963867659995097	0.928807949388264
79	0.21190763556009887	0.9209437078198061	0.21362408048269765	0.9288079497829967
80	0.22361174847511267	0.9101821188105653	0.20563805892767495	0.9370860950836283
81	0.20917557554923935	0.921357615499307	0.20394526994386256	0.9403973529670412
82	0.2226959474828859	0.9118377475549053	0.20312704372879686	0.9403973529670412
83	0.19572838203401755	0.9312913919126751	0.20320543153396506	0.9387417242227011
84	0.20523103015707028	0.9213576162887724	0.19914647492746643	0.9387417238279684
85	0.20171376835826216	0.9225993365641462	0.20271997153759003	0.9354304663392882
86	0.19327038121933968	0.9300496700583705	0.20068283576444285	0.9354304663392882
87	0.19720491539958296	0.9234271511336826	0.1970218787130141	0.9354304659445554
88	0.19351158730241635	0.9296357619841367	0.19517642072099722	0.9403973525723085
89	0.19346573129789718	0.9275662259550284	0.1957968245476287	0.9370860950836283
90	0.18968281337362253	0.9259105960264901	0.1939658479185294	0.9387417238279684
91	0.1846825270265933	0.9325331129775142	0.19455702800229685	0.9370860950836283
92	0.18824607681557043	0.9283940389456339	0.19834505475514771	0.9387417242227011
93	0.1795416609538312	0.9366721854304636	0.19752165754109818	0.9370860950836283
94	0.18556128363340896	0.9275662247708302	0.19307306813483208	0.9370860946888955
95	0.17593161445974514	0.9387417206701064	0.19317062564243545	0.9370860950836283
96	0.1796162153119283	0.9375000007894655	0.19392836903104718	0.940397353361774
97	0.17760426842218993	0.9300496696636377	0.19055114903592116	0.9354304659445554
98	0.17549349939981043	0.9358443716503927	0.18909990925662565	0.9403973525723085
99	0.17309205924833057	0.9408112570939474	0.19100346825770195	0.9354304659445554

The optimal condition:
	epoch: 96
	train_acc: 0.9375000007894655
	val_acc: 0.940397353362
	using time: 196.615220785
