The number of train datas: 2312
The number of test datas: 578
epoch	train_loss	train_acc	val_loss	val_acc
0	0.7074426738448621	0.5069204152249135	0.6938244875739602	0.48961937757511864
1	0.7062607034267439	0.495242214532872	0.6925029696890227	0.4982698980499716
2	0.6978608316203715	0.5108131487889274	0.6915320869548098	0.5138408308623159
3	0.6925641397291401	0.5458477508650519	0.6903801572776583	0.5121107251998875
4	0.6968809555971086	0.5177335640138409	0.688993189161624	0.5242214546277861
5	0.6886453830659596	0.5311418685121108	0.6875845730098473	0.5276816575997428
6	0.6901155258545001	0.532439446366782	0.6864708360916191	0.5328719741745391
7	0.6899939253668471	0.5315743944636678	0.6859817871997925	0.5501730103806228
8	0.683375562763544	0.5536332179930796	0.6851194967035604	0.5553633217993079
9	0.6863725263767176	0.5475778546712803	0.684183390082785	0.5519031112994289
10	0.6817457737807171	0.5648788927335641	0.6832309742699857	0.5570934262242697
11	0.6818976010418268	0.5553633217993079	0.6817507803646339	0.5657439415430116
12	0.6797257100834566	0.5631487889273357	0.6801025176543265	0.5709342581178077
13	0.6801669288259065	0.5674740484429066	0.6785324304574089	0.5726643619240361
14	0.679126423741707	0.5709342560553633	0.6767387344762941	0.5882352945301359
15	0.6771578520639545	0.5947231833910035	0.6751084465881533	0.6055363346548641
16	0.6740543504074783	0.5800173010380623	0.6733057903170998	0.6089965404111208
17	0.6659480572571804	0.6081314878892734	0.6710368460849907	0.6124567447236665
18	0.6673183214293219	0.6029411764705882	0.6685403375064626	0.6314878917482898
19	0.6591424112913931	0.6124567474048442	0.6657821162761701	0.6332179955545181
20	0.6577676120101374	0.6150519031141869	0.662965690388399	0.6539792391668141
21	0.65605288290235	0.6163494809688581	0.6594276795337769	0.6453287205481611
22	0.6572149740370912	0.6124567474048442	0.6566267300229585	0.6435986136482661
23	0.6479739309594705	0.6306228373702422	0.6516765978922069	0.6799307931665731
24	0.641803362790276	0.639273356401384	0.6464642785412218	0.6920415198101717
25	0.639805566068339	0.6470588235294118	0.6410062469825613	0.6903114160039433
26	0.6342184683855843	0.6565743944636678	0.6360726154386791	0.681660900478957
27	0.6260971915763143	0.6570069204152249	0.6303618288370152	0.7024221426475419
28	0.625384655790758	0.6613321799307958	0.6244062700898589	0.7024221426475419
29	0.6166420333525714	0.6751730103806228	0.6193813887846924	0.6920415253787717
30	0.6059977975271152	0.6812283737024222	0.6113524401889128	0.7266435959347392
31	0.6064973487986001	0.6695501730103807	0.6040487817414492	0.7076124561286715
32	0.5961586851562183	0.6929065743944637	0.5984732599406919	0.714532873209785
33	0.5963522277282596	0.6890138408304498	0.5903969347270714	0.7335640163157638
34	0.5831910375905285	0.7028546712802768	0.5831673306164857	0.7266436010908504
35	0.5713515355925246	0.7179930795847751	0.5800965830529025	0.7179930824721973
36	0.5666571793671711	0.7115051903114187	0.5701317428305075	0.7266436012970947
37	0.5675759806352503	0.7149653979238755	0.5648628524842971	0.7318339094158688
38	0.5607544495160192	0.7240484429065744	0.5587621391025794	0.7404844265908106
39	0.5431493522799139	0.7326989619377162	0.5519164755270143	0.7387543246407823
40	0.5387985087596009	0.7383217993079585	0.5450703257301687	0.7456747382157402
41	0.5308627838906945	0.7383217993079585	0.5399076645762038	0.7525951548843648
42	0.5246645909279688	0.7478373702422145	0.5371665691628176	0.7525951534406536
43	0.5268018803588247	0.7569204152249135	0.5318624467998228	0.7543252570406376
44	0.5157260336884165	0.7551903114186851	0.527772163437312	0.7560553657967326
45	0.5051819993550389	0.7655709342560554	0.525180789013635	0.7577854650655832
46	0.5085391594051902	0.7647058823529411	0.5187090933322906	0.7629757797841795
47	0.49671486566635975	0.7616782006920415	0.5153690210469454	0.7629757797841795
48	0.4842037865859827	0.7798442906574394	0.5071257101210755	0.7716263002590324
49	0.47436580010351426	0.782871972318339	0.5029493201150201	0.7698961966590485
50	0.46952666811464566	0.7889273356401384	0.5018971379859225	0.7681660879029535
51	0.4654650375711052	0.7867647058823529	0.49610960535112136	0.7716262971653658
52	0.46418635737937214	0.7941176470588235	0.49329755452677454	0.7698961917091819
53	0.45913878732899066	0.7941176470588235	0.48921069585328286	0.7785467107403237
54	0.43888559638422664	0.8070934256055363	0.4902182131696325	0.7664359892528362
55	0.4427866195312421	0.8040657439446367	0.47471773211931273	0.7854671309151039
56	0.43778300192529357	0.8127162629757786	0.473725326127247	0.7923875411901506
57	0.42521198057798365	0.8140138408304498	0.46466560873193313	0.795847748596363
58	0.41706750281541816	0.8179065743944637	0.4593356610581949	0.7993079613649309
59	0.4154434857896455	0.8265570934256056	0.4548843588589797	0.8010380616650037
60	0.40850034118936135	0.8265570934256056	0.45767727081750914	0.8010380653774037
61	0.4021459650828352	0.8339100346020761	0.4542719177308792	0.8010380653774037
62	0.40372598810591914	0.8170415224913494	0.44347288441493027	0.7993079595087309
63	0.39064054216893074	0.8412629757785467	0.44226962730133823	0.8062283712274888
64	0.3872550202075998	0.8382352941176471	0.4390098660874944	0.8235294148583726
65	0.38717591669732726	0.8356401384083045	0.43562576329419356	0.821799305896033
66	0.374301617120789	0.8416955017301038	0.430701967754166	0.8304498300832861
67	0.3650636304827297	0.8460207612456747	0.4517606785553137	0.8096885811086344
68	0.36832614176001105	0.842560553633218	0.42599616444647104	0.8373702453081996
69	0.3624396016853491	0.8429930795847751	0.4189014397690453	0.8321799287334033
70	0.361698722447491	0.851643598615917	0.42167262500957636	0.8391003491144279
71	0.3300528683051931	0.8680795847750865	0.4189978382166694	0.8373702453081996
72	0.34654134625382077	0.8585640138408305	0.43027201965193435	0.8287197229771466
73	0.33257618556798124	0.8589965397923875	0.4228589130520408	0.8339100376957428
74	0.3368105920334588	0.8572664359861591	0.4311299236897366	0.8235294115584615
75	0.33414267049941226	0.8615916955017301	0.41471109753249014	0.8339100376957428
76	0.3153865495664438	0.8698096885813149	0.40822090162125424	0.8425605567268847
77	0.3171553748392316	0.8732698961937716	0.43618141810786765	0.8287197229771466
78	0.31505414297011486	0.865916955017301	0.40743568189003887	0.8477508681455698
79	0.316914029599886	0.8732698961937716	0.4030661332359776	0.8494809667956871
80	0.3158352132693294	0.8719723183391004	0.4020070650173306	0.825259514952201
81	0.30131314823784217	0.870242214532872	0.42179424065619603	0.8425605534269736
82	0.2962239275857239	0.8832179930795848	0.4016679627466367	0.8512110706019154
83	0.2929319428943845	0.879757785467128	0.4088031996080207	0.8442906605331131
84	0.2884891918992501	0.8836505190311419	0.4209039364409694	0.8460207610394302
85	0.28959897748326763	0.8858131487889274	0.4055671180408306	0.8477508648456586
86	0.2817295804155739	0.889273356401384	0.41225851401944474	0.8477508648456586
87	0.28969595011542826	0.8858131487889274	0.3949291615337649	0.8581314858268289
88	0.276842928572097	0.889273356401384	0.40030026745218716	0.8564013838768005
89	0.2758607942752772	0.8910034602076125	0.42007101664906144	0.8339100343958317
90	0.27098697279563827	0.9018166089965398	0.42208158433643594	0.7889273364651161
91	0.2993140982715316	0.879757785467128	0.3875494613779457	0.8494809700955982
92	0.26888466922882104	0.8944636678200693	0.3929392126192271	0.8598615947891685
93	0.2663841860104597	0.8914359861591695	0.388206628779639	0.8408304527144118
94	0.25862462984907175	0.898356401384083	0.38821364665938907	0.8564013820206006
95	0.25372890493861533	0.898356401384083	0.38914648605877966	0.8598615896330573
96	0.2598916193193218	0.8931660899653979	0.3984363635931048	0.8581314876830289
97	0.2511156609726612	0.9061418685121108	0.3909354284147903	0.8615916985953967
98	0.24404222123763142	0.9061418685121108	0.44415346747038686	0.8321799289396478
99	0.24140597147718845	0.907439446366782	0.3937125506079321	0.8564013871767117

The optimal condition:
	epoch: 97
	train_acc: 0.9061418685121108
	val_acc: 0.861591698595
	using time: 238.24237299
