The number of train datas: 8734
The number of test datas: 2184
epoch	train_loss	train_acc	val_loss	val_acc
0	0.6915682589049631	0.5456835356898622	0.6406173627455156	0.7326007326007326
1	0.6124318574559697	0.6850240439251628	0.5319632087653373	0.8388278388278388
2	0.4772213235691971	0.8099381725903313	0.36408745309153756	0.8804945054945055
3	0.346305836508196	0.8705060682663635	0.28908140367859014	0.8795787545787546
4	0.2881469003513254	0.8879093199128932	0.2531258886059125	0.8937728937728938
5	0.266311592181651	0.8942065491320368	0.2461944223405459	0.8928571428571429
6	0.24840110181424557	0.9016487291319463	0.25034565493573635	0.8905677655677655
7	0.24497321198918548	0.9048545912935227	0.24610866671735113	0.891941391941392
8	0.2294305844958816	0.9051980764417646	0.23704114129200524	0.8923992673992674
9	0.2245361452104572	0.9129837416035648	0.22943106830638627	0.8960622710622711
10	0.21723225410794786	0.9134417219104116	0.22018914477347018	0.8997252747252747
11	0.20937774680471266	0.9168765742117626	0.23416447564413695	0.8965201465201466
12	0.20292990276462458	0.9213418823263589	0.2072715433348557	0.9075091575091575
13	0.19452359225026852	0.9245477444469887	0.19739532899179738	0.9125457875457875
14	0.1844750414396659	0.9290130524387451	0.19464270796476704	0.9139194139194139
15	0.17703067363229802	0.9288985572664913	0.1776460256059091	0.9207875457875457
16	0.16799411618493912	0.9372566978800944	0.17375143390872103	0.9244505494505495
17	0.15794835671294546	0.9406915502633387	0.17570153722068765	0.9258241758241759
18	0.15549388137853526	0.9440119075016269	0.16257698324955863	0.929945054945055
19	0.14697734211070984	0.9479047401098247	0.15903752922820738	0.9340659340659341
20	0.1384283998584021	0.9488207007235183	0.14230774160160686	0.9409340659340659
21	0.13169836607627966	0.9529425234851396	0.14102863050969966	0.9445970695970696
22	0.12423287911964603	0.956606365830723	0.15043522690119215	0.9423076923076923
23	0.12176304475199802	0.9579803067512634	0.14419598117361576	0.9459706959706959
24	0.11683936801318694	0.9602702082854975	0.13571340483255112	0.9478021978021978
25	0.11207550987072386	0.9617586443782917	0.11893574883922553	0.9551282051282052
26	0.10778333872338304	0.9606136935156325	0.12592886631196235	0.9546703296703297
27	0.10884394692028855	0.963132585312481	0.1255672039198024	0.9555860805860806
28	0.09841322996795437	0.966910922857616	0.10404702117700716	0.9606227106227107
29	0.0980794901961944	0.9686283488854517	0.1056160015419071	0.9606227106227107
30	0.09779971321387451	0.9670254178251367	0.10716614161955786	0.9624542124542125
31	0.09742815734894072	0.9682848636553166	0.10321736901370815	0.9629120879120879
32	0.09047107294010767	0.9697732997481109	0.1109765179390463	0.9610805860805861
33	0.09036359611326261	0.9695443096083363	0.10625360088061282	0.9629120879120879
34	0.08839425833126774	0.9703457751316693	0.10170741940101424	0.9642857142857143
35	0.08496934488391833	0.971948706110091	0.09828612030971617	0.9638278388278388
36	0.08643048984973851	0.9725211816028405	0.0991214907185717	0.9647435897435898
37	0.08130105370743095	0.9740096174909016	0.09693060270868815	0.9656593406593407
38	0.08206920146017427	0.9726356765703612	0.10448008178538837	0.9642857142857143
39	0.08144109846799304	0.9733226471398224	0.09949643707974053	0.9661172161172161
40	0.07919135638893347	0.9738951224278388	0.09358572677432836	0.9656593406593407
41	0.08237387743235344	0.9728646667237846	0.10311043143593075	0.9652014652014652
42	0.07584574809995291	0.9749255781045952	0.09938542633880298	0.967032967032967
43	0.07625955939062583	0.9742386077398671	0.09673359581088517	0.9665750915750916
44	0.07546554629006155	0.9749255781045952	0.11002882879786875	0.9661172161172161
45	0.07480853079609831	0.976185023948424	0.09431728284512629	0.9656593406593407
46	0.07300665235999508	0.9767574994275247	0.10626030658736771	0.967032967032967
47	0.07281291610018555	0.9762995191206778	0.11189572116012102	0.9638278388278388
48	0.07244487937334229	0.9768719944086942	0.09366899532787912	0.9661172161172161
49	0.07077743187939135	0.9776734600412182	0.09952589363924094	0.967948717948718
50	0.07293621020659016	0.9779024501946416	0.09109102106813491	0.9684065934065934
51	0.06960073142402677	0.976986489580948	0.0915679473825645	0.967948717948718
52	0.06916144505341074	0.9777879551179299	0.10095868463331199	0.9684065934065934
53	0.06851102847359411	0.9791618960384704	0.10057445421419192	0.967948717948718
54	0.06550504452499231	0.977329974824732	0.0943286155091237	0.9693223443223443
55	0.06434715378032291	0.9784749255782001	0.10584405360439786	0.9656593406593407
56	0.06552996066807745	0.9782459354247768	0.11054077167353923	0.9647435897435898
57	0.06656888120331916	0.9797343713264867	0.10197600711993328	0.9665750915750916
58	0.05923001958517508	0.9803068467100452	0.11478440656459757	0.9647435897435898
59	0.06237607225494211	0.980421341882299	0.1007915552118759	0.9661172161172161
60	0.061225927756463315	0.9798488664987406	0.09966816610039209	0.9688644688644689
61	0.06322055432253662	0.9803068468055873	0.08923496141511224	0.9697802197802198
62	0.062065563873326665	0.9816807877261278	0.0918959454606004	0.9702380952380952
63	0.058483212592111374	0.9819097778795511	0.10452537843957543	0.9665750915750916
64	0.059570748482657865	0.9805358369726597	0.08195043422431846	0.9697802197802198
65	0.0586683799254422	0.9820242728607207	0.0956874647256219	0.9684065934065934
66	0.05882971366397816	0.9820242729562629	0.10460090667739401	0.967032967032967
67	0.058198667846011	0.9813373024004506	0.09615332405116996	0.967948717948718
68	0.05809833386621624	0.9816807877397766	0.09038264938585815	0.9693223443223443
69	0.05796671860096607	0.980421341882299	0.09765756300619834	0.967948717948718
70	0.0548875131444907	0.9830547285511261	0.11812369079045924	0.9642857142857143
71	0.05331657129101658	0.9827112433346399	0.08887454692015062	0.9697802197802198
72	0.052771974091388445	0.9838561941836501	0.08921541449624104	0.9688644688644689
73	0.052449466263521774	0.9832837187045494	0.11643184346296985	0.9647435897435898
74	0.049833888247505065	0.9841996794137852	0.09100391986121462	0.9693223443223443
75	0.05150992417665813	0.9840851842415314	0.08806967911491301	0.9697802197802198
76	0.05190582990514992	0.9837416991069384	0.09701709000004845	0.9684065934065934
77	0.052717094593055465	0.9831692237233799	0.09283102333422873	0.9702380952380952
78	0.051238162664409524	0.9831692237370288	0.10448882091729032	0.9656593406593407
79	0.0515530806928165	0.9836272040302267	0.09915241500151245	0.9684065934065934
80	0.04678968829406715	0.9852301351041906	0.10082911132858732	0.9684065934065934
81	0.04814931408051962	0.9847721548109926	0.09487976221923781	0.9684065934065934
82	0.04671080375419947	0.9847721547973437	0.09366829649224577	0.9697802197802198
83	0.0463401333934141	0.9852301351314883	0.0785492396650788	0.9706959706959707
84	0.0505577886815349	0.9846576596250899	0.08938091021924938	0.9697802197802198
85	0.047218724491532346	0.9852301350086484	0.09686960462453492	0.9688644688644689
86	0.04735255392214131	0.9851156399455856	0.09098808032088664	0.9693223443223443
87	0.04478783769955727	0.9852301351041906	0.10467312338842154	0.9674908424908425
88	0.042461382378279164	0.9859171055644608	0.09615726366591378	0.9693223443223443
89	0.04644809405929114	0.985802610487749	0.09475070816266859	0.9702380952380952
90	0.0421439698151519	0.9876345316195941	0.10136834331685779	0.9674908424908425
91	0.04343396920616113	0.986604076024731	0.10157771950294246	0.9674908424908425
92	0.04157460349557982	0.9869475612685149	0.1037907312827137	0.967032967032967
93	0.04321185129801059	0.986947561254866	0.10025277438969266	0.967948717948718
94	0.04312034381371403	0.9867185711014427	0.09662243530781933	0.9693223443223443
95	0.04229936203726348	0.986146095622342	0.09099100362645947	0.9716117216117216
96	0.04210922517819074	0.9870620563315777	0.0895326943170866	0.9716117216117216
97	0.04032016791853706	0.9887794824822532	0.09612302018428433	0.9697802197802198
98	0.042983162985231284	0.9868330661918032	0.09863675697263152	0.9684065934065934
99	0.040576643482591074	0.987291046389459	0.08263479525414415	0.9706959706959707

The optimal condition:
	epoch: 96
	train_acc: 0.9870620563315777
	val_acc: 0.971611721612
	using time: 557.467568159
