The number of train datas: 4446
The number of test datas: 1112
epoch	train_loss	train_acc	val_loss	val_acc
0	0.7122000690735625	0.5184435445448325	0.6812334240769311	0.528776979274887
1	0.6833221801647559	0.5530814211002836	0.6666948872504475	0.5944244612892755
2	0.663693915172788	0.6079622130913076	0.6410354676006509	0.7320143889180191
3	0.6324238396152096	0.6752136748382973	0.6020929740487243	0.7922661857639285
4	0.5868142650463106	0.7415654526816474	0.5294231047733224	0.9145683448949307
5	0.49949334224655023	0.8295096720707508	0.43638907319350206	0.9181654654818473
6	0.39108712902167764	0.8915879444340248	0.3191452851827196	0.9487410050501927
7	0.2914039313565274	0.926000899792361	0.2336297614111317	0.9523381312116445
8	0.22453898670058822	0.942869995635638	0.17835156919716075	0.9568345340893423
9	0.18303942162873665	0.9498425552665892	0.14555622181660838	0.9622302175425798
10	0.1513748012090984	0.9556905085634017	0.13415210511830214	0.9550359729382631
11	0.13216176480926267	0.960863697786241	0.11393517137860222	0.9694244621468963
12	0.12081442395282982	0.9642375169227212	0.1015400062683675	0.9712230232979754
13	0.11486464420444945	0.9637876743676155	0.10204753070640907	0.9694244621468963
14	0.11144299081556443	0.9669365722801682	0.09819174965294145	0.9694244621468963
15	0.10640711215162567	0.9660368871431441	0.09774914759097339	0.9676259009958171
16	0.10045592192588923	0.9700854702195336	0.0934519939821401	0.9694244621468963
17	0.09847802608146144	0.9687359424737784	0.09371835545455809	0.9676259009958171
18	0.09031723592861032	0.9716599191624036	0.08953767666499392	0.9694244621468963
19	0.09380381430356394	0.9723346829146241	0.08395776972710657	0.972122303873515
20	0.09018179639550516	0.9718848404131437	0.08685086908743536	0.9694244621468963
21	0.08913230111389293	0.971884840386331	0.08263308233279976	0.9712230232979754
22	0.08604222055469286	0.9725596042994278	0.08016975867233687	0.9730215844490545
23	0.08348449003881449	0.9730094467472826	0.0819655670750913	0.9712230232979754
24	0.07912370751080243	0.9763832658569501	0.08111542581225471	0.9703237427224358
25	0.07923882402348936	0.9759334233554697	0.08056791796744299	0.9703237427224358
26	0.08253878613098538	0.9734592893023883	0.0726261539853734	0.9757194261756732
27	0.07443173089933137	0.9761583446330226	0.0736607449303428	0.9766187067512128
28	0.07775107929018023	0.9750337382452583	0.07543643971355699	0.972122303873515
29	0.07447156758523985	0.9763832659373882	0.07327054451695449	0.9757194261756732
30	0.07434521718063818	0.976608187214941	0.07113647262612693	0.9775179873267523
31	0.0759027538066156	0.9766081871345029	0.06846899308746668	0.9784172679022919
32	0.0796675198685061	0.9761583446062099	0.07043225864926689	0.9775179873267523
33	0.07001289138775713	0.9795321637695028	0.06738116184798934	0.9793165484778315
34	0.07266333223049484	0.9779577148266327	0.06698550873523136	0.9793165484778315
35	0.06587732939558205	0.978632478686104	0.06707075629517328	0.9784172679022919
36	0.06822815046445024	0.9793072425187627	0.0703220844483204	0.9748201447425129
37	0.0686511649669316	0.9793072425187627	0.07194531130061733	0.9739208641669733
38	0.06550783230292599	0.9786324787397295	0.06205671087657805	0.9802158290533711
39	0.062467592297054016	0.9799820063514212	0.06437863500641404	0.9784172679022919
40	0.06389161961482444	0.9811066127123728	0.061391235309110274	0.9811151096289107
41	0.06400538585389647	0.9802069275753487	0.05938979254352103	0.9811151096289107
42	0.06745370144290104	0.9806567701840797	0.059807415328008665	0.9811151096289107
43	0.06229946029666196	0.9817813765182186	0.05651792090573757	0.9829136707799898
44	0.0677090725093557	0.9797570850738683	0.05820978416813363	0.9829136707799898
45	0.05753893828839801	0.9829059829596083	0.05920531407749052	0.9811151087712898
46	0.05989585405955484	0.9844804319024784	0.05824023383341247	0.982913669922369
47	0.05786397755548217	0.9829059830132337	0.05864663802676921	0.9802158281957503
48	0.060011054889822245	0.9817813765450313	0.05464109129828515	0.9847122319310689
49	0.056763129152133024	0.9829059829327956	0.05494524586758168	0.9847122310734481
50	0.06009994481249913	0.9829059829596083	0.05481597288049382	0.9838129504979085
51	0.056797224624410066	0.9813315339899256	0.0551457986664429	0.982913669922369
52	0.051709356068814064	0.9849302744307713	0.05561488963288369	0.9811151087712898
53	0.05584733963039508	0.9831309042103484	0.05313377028746571	0.9838129504979085
54	0.053908838653787	0.9835807467654542	0.0575574893209574	0.9802158281957503
55	0.057869728843987764	0.9847053531800312	0.053324804674807214	0.9838129504979085
56	0.052731012971589976	0.9844804319024784	0.05434974701070099	0.9811151087712898
57	0.05130445686040352	0.9871794872599253	0.04999094156266974	0.9856115116489877
58	0.05552875434663909	0.9833558254610886	0.051087417887697974	0.9847122310734481
59	0.05337642497888729	0.9835807468190796	0.05052117172548239	0.9847122310734481
60	0.05170542548871019	0.9856050382634299	0.04984949732855927	0.9847122310734481
61	0.05266537619029891	0.9858299595409827	0.0505986073784691	0.9847122310734481
62	0.04758809797475856	0.9878542510121457	0.054861425763840295	0.9811151087712898
63	0.05079516808506984	0.9867296446243815	0.04909106177820576	0.9847122310734481
64	0.051004140806651256	0.9853801170126898	0.05072325269738547	0.982913669922369
65	0.05026746446411726	0.987179487286738	0.05625420165576523	0.9793165476202107
66	0.04895631744586236	0.9862798020692758	0.04670765765493722	0.9856115116489877
67	0.04576912502457819	0.9880791722896987	0.049059206204448674	0.982913669922369
68	0.04747615348978376	0.9865047233736414	0.04850042943688605	0.982913669922369
69	0.04723324314651326	0.9874044085106655	0.05010042832695323	0.982913669922369
70	0.04506991697065583	0.9871794872331126	0.04666944968400242	0.9847122310734481
71	0.04612407885287401	0.9878542510657712	0.049230328405932555	0.982913669922369
72	0.04554544063976258	0.9865047233736414	0.04590864747548275	0.9856115116489877
73	0.04788287163528166	0.9860548808185357	0.04479852029316717	0.9856115116489877
74	0.04501188465310709	0.9876293297614056	0.04567586802106967	0.9856115116489877
75	0.04035255985583371	0.9880791723165113	0.044443060007455536	0.9856115116489877
76	0.04333027361067254	0.9874044085106655	0.04483426619562314	0.9856115116489877
77	0.043789521106897954	0.9894286999550157	0.04462140621684438	0.9856115116489877
78	0.04545835363693297	0.9880791723165113	0.04463073916786866	0.9856115116489877
79	0.04414449475313488	0.9887539361759826	0.04277815283845655	0.9856115116489877
80	0.040541205119494106	0.9887539361491698	0.04528871998726893	0.9847122310734481
81	0.04403365286275764	0.9874044084838527	0.043807451083934565	0.9856115116489877
82	0.0437465896624678	0.9880791723165113	0.04238390338292225	0.9856115116489877
83	0.04216110448173264	0.9878542510121457	0.043506758890563636	0.9856115116489877
84	0.0384695701421755	0.9883040935940641	0.042385932728112176	0.9856115116489877
85	0.04238014808029365	0.98897885739991	0.04310233119151575	0.9856115116489877
86	0.041752657815780504	0.986954565928747	0.04317603431802859	0.9838129504979085
87	0.042125907834255634	0.988529014871617	0.04387584993307539	0.9847122310734481
88	0.04176719179121401	0.9871794871794872	0.041770508767460746	0.9856115116489877
89	0.03896334860180607	0.9885290148984297	0.042188973306751934	0.9856115116489877
90	0.04116705604470693	0.9894287000354539	0.04258069310256903	0.9847122310734481
91	0.040084472488322025	0.990103463814487	0.04093748695558781	0.9856115116489877
92	0.03894722223570097	0.988529014871617	0.04012832200998882	0.9883093533756064
93	0.03883081401086207	0.9887539361759826	0.04330990602858632	0.9847122310734481
94	0.038670639799479635	0.9883040935940641	0.040775584391981576	0.9856115116489877
95	0.038449237134024414	0.98897885739991	0.042819763687874775	0.9838129504979085
96	0.039293782230009115	0.9898785425637469	0.04118900226174499	0.9847122310734481
97	0.03854267193684024	0.9887539361223572	0.04061633975600167	0.9883093533756064
98	0.03966678382792802	0.9889788574267228	0.04068998761957498	0.9856115116489877
99	0.03601910553083286	0.9885290148448043	0.03910595430530232	0.9883093533756064

The optimal condition:
	epoch: 99
	train_acc: 0.9885290148448043
	val_acc: 0.988309353376
	using time: 276.696473122
