The number of train datas: 4632
The number of test datas: 1158
epoch	train_loss	train_acc	val_loss	val_acc
0	0.7002677911303822	0.5209412780656304	0.6857466137676865	0.5613126078417882
1	0.693187974586388	0.5308721934369602	0.6802217910944489	0.5785837651122625
2	0.692897753806106	0.5269861830742659	0.6762958387224991	0.609671848116761
3	0.6848390385482801	0.5572107080144998	0.6723364191145889	0.6338514680483592
4	0.6780317221898489	0.5725388602065711	0.6676077477260781	0.6424870467350685
5	0.6738643597856498	0.585924007011407	0.6615557408085759	0.6571675303274691
6	0.6678360411334326	0.602979274611399	0.65498420127727	0.6718480139198698
7	0.6648319868020237	0.6051381691543961	0.6481232232380407	0.6873920553706471
8	0.6593462370837908	0.6044905007606137	0.6413521339444505	0.6934369603792826
9	0.6523752294879709	0.6232728841803029	0.6337321269903364	0.6951640760960357
10	0.644727054552299	0.634930915474274	0.6249620919606435	0.6986183075295417
11	0.6375143412687206	0.6424870465291802	0.6145787087746852	0.7150259068386954
12	0.6376075868161849	0.6528497409326425	0.6051242474035484	0.7167530225554485
13	0.6236517972896753	0.6621329878072458	0.5949710223547123	0.7305699482894726
14	0.6190098200849095	0.6692573403447403	0.5846268717900871	0.7340241797229786
15	0.6029383131465352	0.6802677028331526	0.5726031950306604	0.7340241795170904
16	0.5929088041778261	0.6958117444898181	0.5612514164163659	0.7374784109505965
17	0.5812987964182114	0.7042314335060449	0.5506854420704751	0.7556131261823914
18	0.5789668746356931	0.7055267702936097	0.5401411152256586	0.7521588945429971
19	0.5638451072836169	0.7171848014846367	0.5278939281514683	0.758203799757521
20	0.558343791488127	0.7303540588248785	0.5172931889589998	0.7720207254915451
21	0.5396640054714289	0.733376511123308	0.5058662311812551	0.7815198619336868
22	0.5326928862841842	0.7450345424172792	0.49630941319342103	0.7815198619336868
23	0.5222128784100626	0.7493523316062176	0.48379981039101594	0.7910189983758285
24	0.49864691825316565	0.7681347150259067	0.477775684910117	0.7979274612428405
25	0.5026784425469466	0.7627374785139976	0.46194338922055894	0.8031088083930995
26	0.4839488664748137	0.7882124352331606	0.45700839239080954	0.8022452505347231
27	0.47341686754852585	0.7895077719177813	0.439074851945686	0.8126079448352412
28	0.4556131749470205	0.8003022452504318	0.4274747482853232	0.8126079446293529
29	0.44371836801061154	0.802461139896373	0.42214103066241804	0.8229706391357593
30	0.43161035124502034	0.8123920553706471	0.4060301502236842	0.8255613125050006
31	0.42529519229149365	0.8143350605519942	0.39598205299575095	0.8324697753720127
32	0.4169144910440132	0.8218911916069005	0.3875623828182978	0.8402417960974013
33	0.4020728100869734	0.8294473230735832	0.37901845250104993	0.8411053539557778
34	0.3923937414285433	0.8374352330576776	0.37099867765767586	0.8402417960974013
35	0.3851638906772067	0.8460708117443869	0.36301930168955643	0.8402417960974013
36	0.389846590722369	0.8346286701208981	0.35856638794735923	0.8428324696725309
37	0.36912401017953284	0.8510362694300518	0.35148560568458675	0.8471502589644134
38	0.3653014484464813	0.8495250431778929	0.3471077105644865	0.8454231432476603
39	0.3502594177484101	0.8572970639032815	0.35201793795834346	0.8523316061146725
40	0.34891351249345637	0.8560017271157168	0.33593043489365587	0.8575129532649315
41	0.3340610322351077	0.8683074264946379	0.3308686948604946	0.853195163973049
42	0.3340228746592072	0.8665803107778849	0.3289233266998449	0.8626943004151906
43	0.3307339052873984	0.8687392054238262	0.32434337924593265	0.854922279689802
44	0.32043981734849836	0.8750000001029441	0.32026342985852396	0.8644214161319436
45	0.3142217085254419	0.8756476684967265	0.31547076822562536	0.8670120897070731
46	0.316706450286101	0.8784542315364502	0.31327984197666814	0.8635578582735671
47	0.29874755388096824	0.8829879101899827	0.30875667142126845	0.8687392054238262
48	0.29584053611714195	0.8847150260096799	0.30823139661025506	0.8678756475654497
49	0.2936180678159256	0.8832037995516328	0.30276177993401343	0.8730569947157087
50	0.27827097689137764	0.8922711571675302	0.30257358138219476	0.8756476682908383
51	0.28370812504402715	0.8903281519861831	0.2973087935198568	0.8765112261492147
52	0.2783790263435795	0.8931347150259067	0.2955262990401405	0.8704663211405792
53	0.2690371918348862	0.8965889463564687	0.30090641532743123	0.8721934369602763
54	0.2645838130941045	0.9017702936096719	0.2901272433769724	0.8808290154410974
55	0.2677579452645593	0.8955094992393863	0.2883675638103732	0.8816925732994738
56	0.25476990519204085	0.9052245250431779	0.286920695184426	0.8791018998272885
57	0.25250189147876745	0.9015544042480218	0.28420064579019894	0.8808290155440415
58	0.24881762150346923	0.9058721935399044	0.28183407507618063	0.8886010361664859
59	0.24828263926794286	0.9078151986183074	0.28000687381867095	0.8825561312607945
60	0.23915873161663456	0.9080310879799575	0.2797889361778895	0.8911917097416154
61	0.2415849765141805	0.9091105353029281	0.2778466279282265	0.8911917097416154
62	0.22908832921625624	0.9114853194134634	0.27578431542879145	0.893782383316745
63	0.23261094994083792	0.9093264247675222	0.2738979462926664	0.8903281519861831
64	0.2300820830881287	0.9132124352331606	0.2749177509844818	0.8972366147502511
65	0.22284999173231076	0.9158031087053461	0.274017604367103	0.8825561312607945
66	0.22181953178374467	0.9166666666666666	0.2697159460325933	0.8903281519861831
67	0.2195914902680896	0.9214162347847934	0.2684318638167027	0.8955094991364422
68	0.21613073699009028	0.9233592400690847	0.2726742604390327	0.8860103626943006
69	0.21635521590606743	0.9205526770293609	0.26553729716977925	0.8937823834196891
70	0.21148806330402076	0.9205526770293609	0.2645056369442602	0.8929188255613126
71	0.20389190764007173	0.9244386872891112	0.26709756484200503	0.8877374784110535
72	0.20197210305198282	0.9270293610701289	0.26502807435799963	0.8920552677029361
73	0.20624161687951426	0.9250863556828935	0.264132183141659	0.8920552677029361
74	0.19781938087137252	0.9233592401720288	0.2615488145841424	0.8981001727115717
75	0.19075133297624572	0.9302677030390408	0.2602129010081497	0.9006908462867013
76	0.19044406867758185	0.9315630397236615	0.2604218163690007	0.8920552677029361
77	0.1922380506786452	0.928972366148532	0.2610639662888795	0.8911917098445595
78	0.1891080280685466	0.9302677029360967	0.25854694905058706	0.9006908462867013
79	0.18160172340834901	0.930915371226935	0.25828409218108717	0.8955094991364422
80	0.18802034776394025	0.9250863557858376	0.2624159486697334	0.9024179619005102
81	0.18085638432408038	0.9348013815896293	0.2587439719465318	0.8955094991364422
82	0.1776855048274747	0.9378238342998353	0.2576106916694855	0.8981001727115717
83	0.17889483911282864	0.9365284975122705	0.2585140868429487	0.8946459412780656
84	0.17473087058963965	0.9356649395509499	0.25840953306418835	0.9032815197588866
85	0.1744341648510289	0.9350172711571675	0.2575508348888272	0.9024179619005102
86	0.16832801637871894	0.9412780656303973	0.2562605270244091	0.8981001727115717
87	0.1698031047413798	0.9412780657333414	0.267518212166269	0.8998272884283247
88	0.1695838016240708	0.9399827288428325	0.2549987259306438	0.8972366147502511
89	0.16331044174023038	0.9438687392055267	0.263712827122685	0.9050086355785838
90	0.1672813536177851	0.9389032816228059	0.25600716528291323	0.8998272884283247
91	0.16130163943932257	0.9427892918825561	0.2542510650061161	0.8998272884283247
92	0.15927681598381263	0.9432210708117443	0.2542604063356067	0.9015544040421336
93	0.16282383697380878	0.9425734024179621	0.25264513245518344	0.9024179619005102
94	0.1582379484732534	0.9421416235917178	0.2524862610614362	0.9024179619005102
95	0.15404622938117216	0.9423575129533679	0.25520507214085836	0.9050086355785838
96	0.14495039924284336	0.9501295335758123	0.2541616886133563	0.9067357512953368
97	0.14983538199788754	0.9484024178590593	0.253581668917791	0.9050086354756397
98	0.147563919708107	0.9479706391357593	0.26006565825926825	0.9050086355785838
99	0.14851494577418956	0.9466753022452504	0.2535376637041672	0.9032815197588866

The optimal condition:
	epoch: 96
	train_acc: 0.9501295335758123
	val_acc: 0.906735751295
	using time: 300.959012985
