The number of train datas: 1904
The number of test datas: 476
epoch	train_loss	train_acc	val_loss	val_acc
0	0.6978619228891966	0.5404411764705882	0.6886768235879785	0.5462184876453977
1	0.6975289277669763	0.5204831927764315	0.6841070311410087	0.5651260524236855
2	0.690890777511757	0.5210084048639826	0.6814210920774636	0.5777310904334573
3	0.6896097865425238	0.5320378166286885	0.6785374539239066	0.6155462164838775
4	0.6825711116069505	0.5619747899159664	0.6758334251011119	0.6239495778284153
5	0.6815073605345077	0.5572478986587845	0.6729957175855877	0.6302520983359393
6	0.6753032092286759	0.5756302521008403	0.6698785960173407	0.6470588220267737
7	0.6755464452655375	0.5714285704268127	0.6665988299025207	0.6554621833713115
8	0.6726818595613752	0.5835084048639826	0.6637348512641522	0.6680672233846007
9	0.673018410426228	0.5693277295897988	0.6606838833384153	0.6722689040568697
10	0.6646422353111395	0.5887605031999219	0.6568740706483857	0.678571425065273
11	0.6606423529256292	0.6271008413378932	0.6532304146710564	0.6848739450719176
12	0.6538200273233301	0.6223739485780732	0.6478518017199861	0.6953781472534692
13	0.6535342871641913	0.620798317825093	0.6432277810673753	0.6869747849071727
14	0.6495828964129216	0.6307773094217316	0.6376598988260541	0.6890756257441866
15	0.6459838006676746	0.6376050435194448	0.6325374090371012	0.6890756252433071
16	0.6366056819923785	0.6544117632032442	0.6247556229599384	0.707983189270276
17	0.6332394871391168	0.6491596648673049	0.6167291157385882	0.7184873929544657
18	0.628442243367684	0.6607142842116476	0.6105347501129663	0.7142857102786794
19	0.6233716456830001	0.6596638670488566	0.6038260289600917	0.7163865506148138
20	0.6145108161854143	0.6675420153040846	0.594826935720043	0.720588231787962
21	0.6158049682609174	0.6538865551227281	0.5890291333198547	0.7184873904500689
22	0.6068024700429259	0.6706932758082863	0.5808231560122065	0.7247899109575929
23	0.5973749230889713	0.6974789920975181	0.5712146152969168	0.7457983153206962
24	0.5910917059714053	0.6859243687461404	0.5651556348600307	0.7373949524735203
25	0.5814575593010718	0.6953781517613836	0.5559041475047585	0.7563025165004891
26	0.5696855543040428	0.7116596653681844	0.548797336446137	0.7457983138180581
27	0.572706482991451	0.6985294122655853	0.5414563535141343	0.7478991546550718
28	0.5567736069695288	0.7253151255495408	0.533508990993019	0.7605041966718786
29	0.5518939109409556	0.7237394947965606	0.526447971327966	0.7584033563357442
30	0.5485304033055025	0.7253151275530583	0.5258910956502962	0.7457983143189374
31	0.5474604643693491	0.7237394957983193	0.5149568126482122	0.7584033563357442
32	0.5346374030874557	0.7368697494017977	0.5080314591652205	0.7689075580164164
33	0.538557483368561	0.7289915971395349	0.5061728961828376	0.7584033563357442
34	0.5263935948620323	0.7337184878958374	0.5024013108566028	0.7605041966718786
35	0.5184233173602769	0.7605042031833104	0.4929087680427968	0.7752100790248198
36	0.5177454477598687	0.7463235309144028	0.49005630887857005	0.7752100790248198
37	0.4977438915677431	0.7615546208469808	0.4864539694385368	0.7689075580164164
38	0.514307445588232	0.737920169569865	0.4837393312394118	0.7710083983525509
39	0.500893089450708	0.7599789930992767	0.48115416008885165	0.7710083983525509
40	0.5054493739324457	0.7505252090822748	0.4748945060898276	0.7752100790248198
41	0.49279337345051166	0.7694327741110024	0.4766754412851414	0.7689075580164164
42	0.4892410002335781	0.7683823534420559	0.4695280111637436	0.7752100790248198
43	0.48571869380333843	0.7715336119427401	0.4692789438892813	0.7689075580164164
44	0.48063843791224375	0.7809873944571039	0.4610455875136271	0.7752100790248198
45	0.48179924688419373	0.7746848734487005	0.4574238580315053	0.7773109193609542
46	0.46741045347782745	0.7867647048805942	0.44555778588567463	0.8004201640601919
47	0.46000601113343437	0.7878151260504201	0.45297517571128715	0.7752100790248198
48	0.4588821437679419	0.7841386539595467	0.44067899093908425	0.7899159623795197
49	0.45544348218861747	0.7878151270521789	0.43672632044102966	0.7920168027156541
50	0.44304728983831004	0.7925420183093608	0.4412716855021084	0.7794117596970886
51	0.4496006439713871	0.7867647053814736	0.43214041595699404	0.7878151210416265
52	0.4462357676830612	0.7967436969781122	0.4266699702799821	0.7962184828870437
53	0.4343057622929581	0.7972689075630253	0.42421371245584566	0.7920168022147748
54	0.43584674145995067	0.8093487409984365	0.41384536779227377	0.8109243652399849
55	0.4134135639467159	0.8151260504201681	0.4108586995040669	0.8109243652399849
56	0.41439358126215575	0.8140756307529802	0.4084826216978185	0.8004201635593126
57	0.4055673750508733	0.8103991596638656	0.39704544103446127	0.8130252055761193
58	0.4126048020455016	0.8125000005008793	0.39749050040204986	0.8151260454113743
59	0.4014184507502227	0.823004202682431	0.3953421123388435	0.8151260454113743
60	0.39765049704984456	0.8224789900940006	0.3963470897253822	0.8193277361012307
61	0.3997233800527428	0.8356092421948409	0.3771194177014487	0.8277310874281811
62	0.38527428202268454	0.8335084018587064	0.3769396540998411	0.8235294067559122
63	0.37935131087022667	0.8377100830318547	0.3749273499520887	0.8256302576105133
64	0.37780466350186775	0.8403361344537815	0.36479722602026804	0.8340336189550512
65	0.3752566758824998	0.8398109243697479	0.36313646155245166	0.8361344592911857
66	0.36643595179589855	0.8476890756302521	0.3608648799547628	0.8424369797987097
67	0.3609842254835017	0.8518907547998829	0.35390837728476326	0.8466386604709786
68	0.3549328997355549	0.8382352931158883	0.3399733264907068	0.8592437029886646
69	0.3491380069436145	0.8545168057209304	0.34228793137213764	0.8529411814793819
70	0.3484262170410958	0.8587184863931993	0.3311062515282831	0.8613445428239197
71	0.3407487468559201	0.8550420168067226	0.33146412758266225	0.8550420218155164
72	0.3374508100898326	0.8560924374756693	0.31804361313331025	0.8760504256777403
73	0.3328156446208473	0.8592436974789915	0.31463324898431283	0.871848744504592
74	0.32567352006415357	0.8723739495798319	0.3184534326320937	0.86974790216494
75	0.32395400294736654	0.863970586732656	0.3073378926565667	0.8718487440037126
76	0.31147223861277606	0.8739495813345709	0.3049789440481603	0.8760504236742228
77	0.30583070055777284	0.8839285729312095	0.2995700319023693	0.8823529441817468
78	0.2987524018067272	0.8797268902554232	0.3099997891347949	0.8655462204909125
79	0.2944003799382378	0.8876050420168067	0.2932551562034783	0.8823529436808675
80	0.29220028158997285	0.884453781512605	0.2746530287906903	0.8949579877011916
81	0.2844701915228066	0.8802520998385774	0.2751631244641392	0.8970588260338086
82	0.2875200081773165	0.898109243697479	0.2710983461442114	0.899159666369943
83	0.27938656471356627	0.8876050405141687	0.2631122612652658	0.8991596668708224
84	0.2776714966577642	0.8897058818520618	0.2611078372021683	0.9033613470422119
85	0.2643763469297345	0.9023109228671098	0.2519553928565578	0.9096638685514947
86	0.2679117836621629	0.9007352946185264	0.25009714768213387	0.9096638675497359
87	0.25347421574993295	0.9023109233679891	0.24855536810991144	0.9075630272136015
88	0.25577559215681894	0.9075630267127222	0.25325299023079273	0.905462186877467
89	0.2492055776489883	0.9033613455395738	0.2368768016580774	0.9180672288942737
90	0.2519995647819102	0.9070378166286885	0.24802432077772477	0.9075630272136015
91	0.24409381018466308	0.9065126035393787	0.23634394439829498	0.9117647078858704
92	0.2318430376403472	0.917016805220051	0.22606414794420995	0.9180672288942737
93	0.2398526651017806	0.9117647058823529	0.2372130383463467	0.9075630272136015
94	0.237591439435462	0.9101890756302521	0.22586399091392004	0.9201680692304083
95	0.22929443581765438	0.920693276810045	0.22265467460916824	0.9222689095665427
96	0.23484613439616034	0.9149159663865546	0.21327922825051956	0.932773111247215
97	0.22454725318596142	0.9269957988202071	0.22455706403535955	0.9117647078858704
98	0.21391513981238133	0.9191176465579441	0.2093547079242578	0.932773111247215
99	0.21695957376676447	0.9191176465579441	0.21291184487963924	0.9180672288942737

The optimal condition:
	epoch: 98
	train_acc: 0.9191176465579441
	val_acc: 0.932773111247
	using time: 149.546264887
