The number of train datas: 10230
The number of test datas: 2558
epoch	train_loss	train_acc	val_loss	val_acc
0	0.7033464992733878	0.5175953079411943	0.6831495340118379	0.5727130572156481
1	0.6861289130394527	0.5510263932531997	0.6741567200939576	0.6258795934556703
2	0.6742015408047949	0.5817204300026507	0.6616864781812172	0.6716184530340199
3	0.6603794684041863	0.6130009774005775	0.6458597948441196	0.7075840508779387
4	0.6401370928434332	0.6471163247104731	0.6216981366241789	0.7525410486255613
5	0.6161299137542441	0.6758553275148423	0.5891384147311487	0.7799061772597777
6	0.576510519296193	0.7210166178723817	0.5411317601998026	0.8197810797135843
7	0.5344800519104228	0.7631476052928414	0.4874537381182619	0.8358092266568176
8	0.48254749590816853	0.8056695994277387	0.4324986063194424	0.8577013298158445
9	0.43216007262730527	0.8296187681419992	0.39122166421098387	0.8639562164460243
10	0.39114233815308774	0.8535679372641115	0.3619819503449387	0.8686473814186592
11	0.35719847479290745	0.8737047899386983	0.34315888160742103	0.8889757612890522
12	0.33758852439891557	0.8848484846736911	0.32814505419011597	0.8913213438219723
13	0.32294236221737643	0.8920821115534793	0.31672091965008004	0.8913213438219723
14	0.31536259651184084	0.8938416419257633	0.30980017303581625	0.8987490216487082
15	0.29957212322734783	0.9038123165407489	0.30198636711622423	0.8901485540700946
16	0.29164331761040413	0.9035190615486189	0.2967552733756864	0.9046129791693729
17	0.28364088477626925	0.9088954056462933	0.2923375447342599	0.9050039095837591
18	0.28027296068032115	0.9106549367060992	0.2852401344966292	0.9061766993822391
19	0.2720948696893914	0.91417399802166	0.2809609250457516	0.9018764664084767
20	0.2686559742438595	0.913978494868367	0.27618804373621847	0.9065676297966254
21	0.2585740639084362	0.9190615832747369	0.273389526696015	0.9061766994288417
22	0.2587725915750334	0.9202346038025961	0.2697676619437637	0.9077404225310653
23	0.24631934395516955	0.9206256106568688	0.2678852426041095	0.911649725137044
24	0.2516828246771532	0.9192570871155517	0.26419910697661125	0.9120406570427114
25	0.2453520487771822	0.9215053761809453	0.2616628701328952	0.9116497266283251
26	0.24052510025272855	0.9225806450098024	0.25987713740289536	0.9143862379911452
27	0.23785287232401317	0.9225806454176544	0.25719035137808816	0.9147771684055314
28	0.23322308133715874	0.9258064516012503	0.2554408068578629	0.9139953075767588
29	0.23153921631424307	0.9259042033002524	0.2542269934868794	0.91477716985021
30	0.22912983392690284	0.9251221893469959	0.25177319344363236	0.9151681003111988
31	0.2260505187342477	0.9272727272610743	0.2509783062737281	0.9132134482392675
32	0.2243260743040027	0.928054740794826	0.25020280960390956	0.9151681002645963
33	0.22150198523891054	0.9284457479287685	0.2485884424995127	0.9151680987733151
34	0.2190171104838538	0.927859237525004	0.24568449290494046	0.9159499610933687
35	0.21574558235508257	0.9301075265903976	0.24443005465780784	0.9155590306789825
36	0.21640891869455023	0.9289345066102253	0.24241666492304828	0.9155590306789825
37	0.21280381660890252	0.9304985337010343	0.241396396862892	0.9155590306789825
38	0.20983458189321053	0.9321603126539862	0.2414274978232253	0.916340891507755
39	0.21082781905477696	0.9305962855515242	0.2404672128670471	0.91673182043086
40	0.20934332305326955	0.930987291986292	0.23822932344940698	0.9167318204774625
41	0.203332664429384	0.9315738026580735	0.23792435988445967	0.916340891507755
42	0.2001656418788235	0.9336265884419923	0.23760074090454333	0.9159499611399713
43	0.20362252975838624	0.9336265884419923	0.23662834215481082	0.9163408900164738
44	0.20113346978133492	0.9322580646326581	0.23677029222413093	0.9159499611399713
45	0.20006570746122568	0.9333333331818455	0.2344604932395064	0.9163408900164738
46	0.19547128401776795	0.9335288370110073	0.23447394390838794	0.9163408900164738
47	0.1949093551871131	0.9336265881739754	0.23421269806685907	0.9163408900630763
48	0.19323704113650297	0.9347018569795267	0.23214457414176334	0.9171227508918488
49	0.19008043952002204	0.9345063536980518	0.23140909780833382	0.91673182043086
50	0.190259800678008	0.9367546430547683	0.23044695830419717	0.9163408900164738
51	0.18888012659339962	0.9347996089698516	0.23043446058729275	0.9167318219221412
52	0.18684855203999104	0.935386119525104	0.22960848477177548	0.9151680987733151
53	0.18825886771010047	0.9348973608203415	0.2281360776863404	0.9175136812596325
54	0.18457127445953683	0.9352883675347792	0.22802270438589092	0.9171227523365274
55	0.18202751561751696	0.9372434020158948	0.2281428835441397	0.9147771683589289
56	0.18076363717181243	0.9379276634427925	0.22726677090185896	0.9167318219221412
57	0.17993134327327517	0.9387096775475369	0.22760231118355065	0.9163408900164738
58	0.17897945581584848	0.9366568913324604	0.22625898016999715	0.9175136827509137
59	0.1781295089719349	0.9365591394819706	0.22440794756908358	0.9171227523365274
60	0.17534913587896472	0.938709677407702	0.2298704942308244	0.9143862393892213
61	0.17433782898668904	0.9374389053090227	0.2244378134689823	0.9179046131652999
62	0.17498026523422286	0.9366568914839483	0.22481364127105805	0.9167318219221412
63	0.172958375678151	0.9392961873919616	0.22349132061517266	0.9186864739940724
64	0.17048004181911752	0.9386119254173771	0.22352390212645468	0.9155590306789825
65	0.1686883578464782	0.9384164219960672	0.22172598680590538	0.91477716985021
66	0.16630053557491956	0.9383186705534293	0.22595290461026477	0.91555903063238
67	0.1641224641312835	0.9393939392424515	0.2233770564606266	0.9175136827509137
68	0.16720530501150782	0.9397849462249063	0.22184793114009735	0.9175136827509137
69	0.16582976986644088	0.9403714566170179	0.221087780452688	0.9182955435796861
70	0.16093359491400938	0.9405669599101457	0.2213117285945436	0.916340891507755
71	0.1610577469959287	0.9408602153217804	0.22124856250233907	0.9167318219221412
72	0.16159013696779603	0.940273704766528	0.2200287409924827	0.9155590306789825
73	0.16022007285907705	0.9414467252943872	0.21953727123185562	0.9155590306789825
74	0.1577477264177065	0.9412512218847303	0.2199004094427316	0.9159499610933687
75	0.15531224515780676	0.9429130010940462	0.21927373052994845	0.9159499610933687
76	0.15456072262771434	0.9412512218847303	0.22023132227891307	0.9151681002645963
77	0.1516367227509108	0.9434017596589738	0.22038306565001387	0.9139953090214376
78	0.15413071921319207	0.9434017597871559	0.22256116068064932	0.9143862379445425
79	0.1500196844062614	0.9429130008260292	0.2183657772868196	0.9179046131652999
80	0.14949555186115984	0.9425219939834095	0.2182675899939205	0.9151681002645963
81	0.1474117212106755	0.9434995115094637	0.22339572017084722	0.9143862394358238
82	0.14725706022331092	0.9453567937322376	0.2182367477009686	0.916340891507755
83	0.14466604766374924	0.9458455524253472	0.22014676102024208	0.9143862394358238
84	0.1472256403339923	0.9451612901710927	0.219600882669554	0.91477716985021
85	0.14514225065008984	0.9449657867497829	0.21569417249280276	0.916340891507755
86	0.14164392922951213	0.9457478004350224	0.21747961162681967	0.9167318219221412
87	0.13965007316390324	0.9456500487243674	0.2183090056219168	0.9151681002645963
88	0.1379399700350659	0.9489736067584533	0.22338903092424603	0.9143862394358238
89	0.13670084667870028	0.9481915932013958	0.219970152795641	0.916340891507755
90	0.13749717521760704	0.9473118280735183	0.22036726752979108	0.9151681002645963
91	0.13168742385486237	0.9495601175700698	0.21933015932833616	0.916340891507755
92	0.13428567496737426	0.9486803517546705	0.2154540208935085	0.916340891507755
93	0.13325188732683252	0.9492668624264521	0.2190888578929968	0.9159499610933687
94	0.13199986134631192	0.9506353858279343	0.2194318924218626	0.9175136827509137
95	0.13122504119591047	0.9520039097771034	0.21787418729164715	0.91477716985021
96	0.1268890582323657	0.9506353861076042	0.2241001392629484	0.91477716985021
97	0.12836669457681252	0.950830889668749	0.21896913011527042	0.9143862394358238
98	0.12865016695516202	0.949462365707927	0.21841005759606424	0.9175136827509137
99	0.1256149837668923	0.9515151515034986	0.21988814627639572	0.91477716985021

The optimal condition:
	epoch: 63
	train_acc: 0.9392961873919616
	val_acc: 0.918686473994
	using time: 667.475004911
