The number of train datas: 2082
The number of test datas: 522
epoch	train_loss	train_acc	val_loss	val_acc
0	0.7228640646572645	0.49519692606128946	0.7009193648323702	0.47126436781609193
1	0.7035910491182985	0.5115273776074994	0.6969287078042596	0.5095785441183952
2	0.7026270719014258	0.5105667627567746	0.6956025053714884	0.5229885057756727
3	0.6981992869280944	0.518731988501251	0.6944607978122901	0.5191570881511517
4	0.6994876218574992	0.4975984631594732	0.6934594500567265	0.5076628353061348
5	0.697138242716977	0.5134486071085494	0.6926693244912159	0.5191570883509756
6	0.6881353590605238	0.5292987512580256	0.6919140187716576	0.5191570883509756
7	0.6921538933896881	0.5365033622376628	0.6909917127126934	0.5325670500367994
8	0.6883161656565671	0.5374639769738735	0.6901225582393193	0.5325670500367994
9	0.6888906022428206	0.548030739673391	0.6895244882024568	0.5325670500367994
10	0.683753571695828	0.5648414985018207	0.6887066939781452	0.5478927205348837
11	0.6857465409980613	0.5557156584219333	0.6878575554752715	0.5459770117226231
12	0.6866972128664726	0.5417867435444786	0.6871335686851735	0.563218391032968
13	0.6836880860021777	0.5552353506243997	0.6863421473466573	0.5593869734084469
14	0.6850833263566698	0.5480307396161339	0.6852263282998768	0.5670498086574891
15	0.6873543657555704	0.5441882804422626	0.6844607746920823	0.5785440614168671
16	0.6812039586240345	0.5648414989598776	0.6834973704312496	0.5727969350942707
17	0.6776598634683204	0.5864553312975895	0.6825885393610402	0.5766283527187918
18	0.6792920656666861	0.573967339039765	0.6815617908919908	0.5900383142904303
19	0.6756237192181415	0.566762728174642	0.6806165875146215	0.5804597703433129
20	0.6732982194389321	0.5835734868599289	0.679381623578711	0.5938697319149514
21	0.6755640860593285	0.5850144095654446	0.6780882477760315	0.5900383142904303
22	0.6751260762026857	0.5715658019988383	0.6770889037413615	0.5938697319149514
23	0.669368925630531	0.5979827088764604	0.6759307425597618	0.6072796936007752
24	0.6683613053316342	0.6143131607662131	0.6745823123902653	0.6072796936007752
25	0.6744619386912996	0.577809798099122	0.6735113740424087	0.6149425288498174
26	0.6727901897558676	0.5830931795777092	0.6721300982880867	0.6149425288498174
27	0.6689744487505023	0.5922190206309675	0.6706590088391212	0.6187739464743384
28	0.6660186367236457	0.599903938406139	0.6690935430855587	0.6206896552865989
29	0.6700424811338486	0.5893371756207358	0.667480730233978	0.6206896552865989
30	0.6608348396623741	0.6152737756741952	0.6658154417728556	0.6360153257846832
31	0.6578890021092381	0.6282420747561825	0.6640036743262718	0.6340996169724227
32	0.652088194484326	0.636407301015973	0.6616766626350724	0.6455938698459859
33	0.6570824651507433	0.6243996156968256	0.659251233398686	0.6436781610337253
34	0.6503912583208221	0.6340057640323035	0.6570900836210142	0.649425287470507
35	0.6499245260107643	0.6349663782532002	0.6540857546630947	0.6551724137931034
36	0.6454560330117929	0.6292026900077072	0.6512830446963109	0.6685823759356678
37	0.6458937791994738	0.6426512966581999	0.6486358028262055	0.6724137935601888
38	0.6436893693193808	0.6388088375415857	0.6459181605627711	0.6628352491563307
39	0.6378059879618122	0.6522574452227062	0.6430098380165539	0.674329502029894
40	0.636885886290804	0.6541786745806134	0.6389944066946533	0.6819923376214916
41	0.6338598267260248	0.6570605185602172	0.6351853960775324	0.683908046433752
42	0.6337923744226395	0.6378482230916604	0.6327004124378336	0.6934865901524994
43	0.6249750657910687	0.6671469738343722	0.627953585765371	0.6934865904950548
44	0.6154491844140602	0.6772334295665839	0.6236796086775389	0.708812260993139
45	0.615565869123402	0.6705091261268235	0.6182640889138554	0.708812260993139
46	0.6092625309021626	0.6916426511250586	0.612723072826634	0.708812260993139
47	0.5963113763719425	0.7022094136814334	0.6071884090873017	0.7107279698053995
48	0.5920920012434667	0.7070124878205438	0.6009562136569699	0.7337164748674152
49	0.5955950809601519	0.6863592697609856	0.5963720138045563	0.7356321836796756
50	0.5988317590052983	0.6757925072046109	0.5920850015691413	0.7432950189287179
51	0.5850494505692627	0.7022094143685186	0.5869840956739082	0.7528735629900205
52	0.5814007789784046	0.7127761770966646	0.5817376119423643	0.7681992334881048
53	0.571527051593568	0.7233429398248107	0.574813146472434	0.7586206894268022
54	0.5672550999580039	0.719980787933159	0.567776537489617	0.7528735629900205
55	0.5651370938527367	0.7300672429210285	0.5605843501072734	0.7586206894268022
56	0.5444379962486905	0.7593659945798539	0.5529244359425658	0.7816091956306691
57	0.5444033766571543	0.7411143134467082	0.5455294150959029	0.7950191573164929
58	0.5385591101463201	0.7526416910255791	0.5380698926604114	0.7835249044429297
59	0.5360320310084208	0.7454370795019994	0.5319812903002304	0.7911877396919719
60	0.5210170598698853	0.7742555237640909	0.5255604402315571	0.7796934868184086
61	0.5146924204029336	0.7646493758866698	0.5160796265492494	0.798850574941014
62	0.5074346362113037	0.7829010570198154	0.5077708671832907	0.8007662837532745
63	0.5036951005745117	0.7795389047273641	0.499652032651207	0.8045977013777956
64	0.4972354919147766	0.7905859747377298	0.4918100783651359	0.8045977013777956
65	0.49102116747617036	0.788664745608851	0.4828626305664179	0.8122605366268377
66	0.4789308655387959	0.7925072043246655	0.4732107716501901	0.8160919542513588
67	0.47068865040422747	0.7977905857459956	0.46699543976692404	0.8237547895004009
68	0.44830097225168136	0.8150816519711592	0.45612527492859356	0.8237547895004009
69	0.43848513738108186	0.8189241111450305	0.4457950428756261	0.827586207124922
70	0.43979122335812315	0.8126801149874897	0.43664183105088744	0.8333333335617036
71	0.440719418406601	0.81604226670737	0.4286895857916938	0.8333333335617036
72	0.4221336682408504	0.8261287222105533	0.4206548534133882	0.8371647511862247
73	0.4116378120226315	0.8323727181390658	0.4120558122337093	0.8390804599984852
74	0.4150994214498573	0.8242074926236177	0.4089040098519161	0.8505747128720484
75	0.39669802484319944	0.8439000957179367	0.39859223628409524	0.8563218393088301
76	0.39989577427034073	0.8463016327588634	0.39185543341198187	0.8486590040597879
77	0.38815999386060934	0.847742554891808	0.38403782237078493	0.8544061304965695
78	0.37567260726842594	0.8592699329859929	0.37681933381091587	0.8544061304965695
79	0.371553980250638	0.8645533137774949	0.37045536073231605	0.8620689657456116
80	0.36814264152968423	0.868395773409423	0.3633840438049872	0.8697318009946539
81	0.3544450000601245	0.8688760803481	0.3569570023894767	0.8659003833701328
82	0.35398198594048436	0.8712776177898264	0.350450626278289	0.8716475098069143
83	0.3379394180149441	0.8717579251293032	0.3445155729050837	0.8812260538682171
84	0.3480389144819133	0.8664745438797444	0.340255182136521	0.8697318009946539
85	0.32773728060333	0.8818443805179724	0.3348057724506919	0.8697318009946539
86	0.3170367532000876	0.8904899136591828	0.3284741477948039	0.8908045979295197
87	0.31922618158727056	0.8895292984649152	0.3261242809195171	0.877394636243696
88	0.3107641370507184	0.890009605747135	0.31915996289344584	0.8908045979295197
89	0.30578372845789425	0.8933717574670152	0.3158526038073032	0.8888888891172592
90	0.30188666617606946	0.8933717575242723	0.3163335303922266	0.8754789274314354
91	0.30254430500620494	0.8880883767327703	0.30877413477934185	0.8965517243663014
92	0.2916492033789183	0.8957732949659987	0.3020842770735423	0.8984674331785618
93	0.285056134208135	0.8996157537390702	0.30601269794606617	0.8793103450559565
94	0.28484926105805247	0.8976945240948775	0.29682520876899077	0.8908045979295197
95	0.2773041456479733	0.9005763684180239	0.29320459849989733	0.8965517243663014
96	0.27310995263737287	0.9068203646900789	0.29030058826980004	0.906130268427604
97	0.2800032162070847	0.9034582129701987	0.2899190681875894	0.906130268427604
98	0.2689694653441423	0.9015369832687488	0.2858242567243247	0.9042145596153435
99	0.26962112166581537	0.9077809793690325	0.2828984266268339	0.9042145596153435

The optimal condition:
	epoch: 97
	train_acc: 0.9034582129701987
	val_acc: 0.906130268428
	using time: 153.120285988
