The number of train datas: 6984
The number of test datas: 1746
epoch	train_loss	train_acc	val_loss	val_acc
0	0.7003087789878539	0.5065864835271584	0.6823386933658814	0.5824742270772263
1	0.6755389194991034	0.5816151200018115	0.6614912765405705	0.6643757169462424
2	0.6494933880208421	0.6463344790135326	0.6271740188576784	0.7537227942771518
3	0.6127450817092861	0.6907216496210874	0.576974904346029	0.7829324157240738
4	0.554988663016316	0.7447021765397587	0.516685482050545	0.7840778928032446
5	0.4930225002396967	0.7867983960613762	0.46162742000811424	0.8012600228412318
6	0.4378251925639953	0.8127147768371293	0.41784262592303656	0.8115693017379525
7	0.3917408665772293	0.8409221079477877	0.39009428623410847	0.8247422679729615
8	0.3521209459875594	0.8618270332187858	0.3662877933027272	0.8339060709511974
9	0.33658291015428365	0.8648339060710195	0.35501164315697253	0.8447880881485388
10	0.30201957524164164	0.8857388317516716	0.3208448034108436	0.8608247416535604
11	0.27147487319690117	0.9010595649241855	0.3101536607943723	0.8711340206185567
12	0.2454695199773074	0.9073596794034471	0.2848038112431048	0.8843069873997709
13	0.22688669876066406	0.9150916382346094	0.2648477220709381	0.8906071019473081
14	0.20491509446778247	0.928121420116359	0.2500102615489583	0.9003436426116839
15	0.19068023210811724	0.9331328750066331	0.24666022077066246	0.9020618556701031
16	0.1777001061185529	0.9392898055422894	0.23288308494091717	0.911225658648339
17	0.1561320430992805	0.9481672391995258	0.22827512777292033	0.9152348224513173
18	0.1504132773680239	0.9503150055225499	0.23635077416333547	0.9129438717067583
19	0.14064286925743535	0.9554696451757372	0.2239703461741186	0.9186712485681557
20	0.13590565450139608	0.9569014892545352	0.2186300918792736	0.9209621993127147
21	0.1286894488836482	0.9603379150982712	0.2170627224648463	0.9232531500572738
22	0.12998378036153277	0.9610538370693945	0.21160807970906997	0.9243986254295533
23	0.11811538576601843	0.9653493699202695	0.2212612244203465	0.9266895761741123
24	0.12133892198847468	0.9632016034606943	0.21005878610512987	0.9289805269186713
25	0.11450709260889208	0.9652061853621834	0.20818684601309237	0.9301260022909508
26	0.1101035090058803	0.9679266895078985	0.20862639151974438	0.9306987399770905
27	0.10801589115173955	0.9673539516852074	0.20009957361467107	0.9301260022909508
28	0.10793631580174994	0.9687857959005568	0.20579693048876654	0.9312714776632303
29	0.10399363866718091	0.9693585336549722	0.20932745779485773	0.93184421534937
30	0.10163158681862407	0.9707903778703215	0.21124193708136046	0.9324169530355098
31	0.09853475171334418	0.9693585335184208	0.20995773889875424	0.934135166093929
32	0.0961221162857059	0.9729381441933456	0.2073227477293005	0.9347079037800687
33	0.09526028423511422	0.9713631155564613	0.21696041200954344	0.9347079037800687
34	0.09334884933862762	0.9723654065754815	0.20895058377075168	0.9352806414662085
35	0.09385557042142506	0.9720790377324117	0.20792104497355626	0.9352806414662085
36	0.09667524229415093	0.970360824742268	0.1936363444577173	0.9398625429553265
37	0.09249801018871666	0.972794959703535	0.2128755886722164	0.9347079037800687
38	0.08887090842919115	0.9733676973213992	0.19986631583853412	0.936426116838488
39	0.08758898145964056	0.9737972506542796	0.20903067833787728	0.9358533791523482
40	0.08656482798775993	0.9736540663010202	0.19813014189888725	0.9381443298969072
41	0.08276121427581346	0.975945017113855	0.1958820526589472	0.9404352806414662
42	0.08716813460384994	0.974799542014678	0.20960984403162955	0.9358533791523482
43	0.08354482593234598	0.9760882015353899	0.19169035462400144	0.9421534936998854
44	0.0838308606002339	0.9763745704467354	0.19048114096423674	0.9421534936998854
45	0.08197401900096174	0.9756586482707851	0.20447135314277085	0.9369988545246277
46	0.0799487950312313	0.9766609391532539	0.2104734390022453	0.9369988545246277
47	0.08024201442285911	0.9769473079280482	0.20304421932443995	0.9375715922107675
48	0.08039840991008186	0.9785223365649325	0.20277640831583144	0.9398625429553265
49	0.07483496442266482	0.9778064145938091	0.19663661208861472	0.9415807560137457
50	0.07885107220516445	0.9780927833003277	0.19280981678485803	0.9410080183276059
51	0.07588838141535292	0.9778064145938091	0.20006659081395617	0.9404352806414662
52	0.07748165958798901	0.9776632301722742	0.19927415051598865	0.9410080183276059
53	0.07492911614230136	0.9772336768393937	0.18946575866489407	0.9450171821305842
54	0.07851302290051528	0.9765177547999947	0.19660311275698406	0.9410080183276059
55	0.07575586366489581	0.9779495988787927	0.19629869386255058	0.9410080183276059
56	0.0706037934890864	0.9782359677218626	0.20247861803034567	0.9392898052691867
57	0.0720927434645909	0.9805269186712485	0.1967859515495692	0.9410080183276059
58	0.0703285940904661	0.979524627515677	0.1844374206459058	0.9473081328751431
59	0.07428786817421755	0.9789518898295373	0.19545360124176037	0.9410080183276059
60	0.06994859698438699	0.9795246275839528	0.19925154041699458	0.9398625429553265
61	0.07204150894116973	0.9792382587408829	0.19179861945444707	0.9438717067583047
62	0.06932988843932868	0.9802405496916274	0.20045439434266582	0.9404352806414662
63	0.06827882470782816	0.9800973652700925	0.18596958332531846	0.9461626575028637
64	0.06478301854750818	0.9798109964952982	0.19631703733919958	0.9421534936998854
65	0.0675760034091967	0.9793814431624178	0.2024100680461096	0.9415807560137457
66	0.06376119921109794	0.9808132874460428	0.19875454219465677	0.9415807560137457
67	0.06782461433988257	0.9809564717993021	0.19659809809378673	0.9415807560137457
68	0.06676890476172596	0.9802405498281787	0.20124731146178942	0.9421534936998854
69	0.06381263945972865	0.979524627720504	0.19821468271733286	0.9421534936998854
70	0.06037559192136937	0.9810996562208371	0.19832359905432556	0.9415807560137457
71	0.06297241652305456	0.9816723939752524	0.1941700555759675	0.9427262313860252
72	0.058884914245409516	0.9812428407789232	0.1906616341894469	0.9467353951890034
73	0.06022750348159947	0.9810996562208371	0.21375389843069675	0.938717067583047
74	0.06004184210525755	0.9828178693475319	0.2099565190272694	0.9415807560137457
75	0.0624346705526967	0.9816723939752524	0.18683568008867052	0.9461626575028637
76	0.05784388648864535	0.9826746849942726	0.19774997821301735	0.9432989690721649
77	0.058880171790838515	0.982531500504462	0.20457709895687995	0.9427262313860252
78	0.05919368995965927	0.9828178694158075	0.1999875171961346	0.9427262313860252
79	0.05773496085016178	0.9828178692792563	0.19001257374566924	0.9461626575028637
80	0.05970364686566803	0.9822451316613922	0.1969430888730943	0.9421534936998854
81	0.057316980351355754	0.9842497135628813	0.18838038291880288	0.9455899198167239
82	0.055010158748911075	0.9828178694158075	0.20925658291476734	0.9404352806414662
83	0.05463123202050811	0.9843928980526919	0.20451994422814657	0.9410080183276059
84	0.05582621581809764	0.9831042380540504	0.18868215447814468	0.9467353951890034
85	0.05115361196785858	0.9832474225438611	0.1907221860522223	0.9461626575028637
86	0.05366832392987926	0.9838201603665521	0.19682838182943316	0.9438717067583047
87	0.054150275224638424	0.9821019472398572	0.1902166509260461	0.9450171821305842
88	0.053394983963185295	0.9843928979161406	0.18622035502039008	0.9450171821305842
89	0.05146806699064862	0.9832474225438611	0.19262974612619663	0.9455899198167239
90	0.050350317085014584	0.9832474225438611	0.20275988660215102	0.9427262313860252
91	0.051812946369694406	0.9828178693475319	0.19987729548733738	0.9438717067583047
92	0.04996951318688409	0.9853951888668852	0.20804479114822233	0.9404352806414662
93	0.05237277903149218	0.9849656355340046	0.1936655477252613	0.9455899198167239
94	0.05080638882220816	0.9848224510441941	0.20257206049716828	0.9415807560137457
95	0.05076856257443029	0.9845360824059511	0.19267617925395603	0.9450171821305842
96	0.04548210905435978	0.9879725085227896	0.20683038584516733	0.9438717067583047
97	0.05072855637040744	0.9842497133580543	0.20361253572041157	0.9432989690721649
98	0.048301329098018854	0.9858247422680413	0.19843875887117776	0.9438717067583047
99	0.04674047263891768	0.9849656357388317	0.2053982861167223	0.9421534936998854

The optimal condition:
	epoch: 58
	train_acc: 0.979524627515677
	val_acc: 0.947308132875
	using time: 614.324694157
