The number of train datas: 3126
The number of test datas: 782
epoch	train_loss	train_acc	val_loss	val_acc
0	0.7386240177023358	0.490722968650032	0.7045523138607249	0.4795396424010587
1	0.7188994589327851	0.47792706341600083	0.6970904499978361	0.4718670081299589
2	0.7068893447642287	0.4996801023672425	0.6921246553321019	0.5051150895140665
3	0.700165405154457	0.5198336536885834	0.6878433901330699	0.5294117645534409
4	0.6942851394319565	0.5284708893154191	0.6831728015714289	0.5549872121237733
5	0.6870365669463433	0.5563019831746493	0.6783490670306603	0.5805626596941058
6	0.6871813535690308	0.5511836212030681	0.6743135162631569	0.5946291558577886
7	0.6815585169895901	0.5690978881798718	0.670752364198875	0.6086956524787961
8	0.6789234918962285	0.5684580936770521	0.6650714006875177	0.6278772376992209
9	0.6735731578757956	0.5841330772245533	0.6599624931354962	0.6470588238342948
10	0.6699547480484346	0.5937300066648961	0.6543870842670236	0.6649616371335276
11	0.6665752216630156	0.5991682656590784	0.648762598519435	0.6764705885401772
12	0.6552852892524832	0.6052463216348405	0.6416040195528504	0.6828644504327603
13	0.6519619591024085	0.6234804863206713	0.6338666194235273	0.7020460361105096
14	0.6435599021627898	0.6260396670013838	0.6265837380953152	0.700767263731993
15	0.6310334982432697	0.6545105568888244	0.6178608660197928	0.7097186703816094
16	0.6315676799509973	0.6484325017520273	0.608498546930835	0.700767263731993
17	0.6150196990521383	0.6730646190930084	0.5990110263800072	0.7007672632746684
18	0.6119298686679174	0.67722328850953	0.5893666826550613	0.7173913046527092
19	0.5939354933154789	0.6938579650315732	0.5786829741714555	0.7186700771836674
20	0.5868098677463128	0.6944977606784359	0.5687931550433264	0.7186700764214596
21	0.5749621130454563	0.7140115167342618	0.5587453499169606	0.7263427106925594
22	0.5667500621374036	0.715291107074618	0.5467778647037418	0.7340153451161007
23	0.5577945477369117	0.7194497762241961	0.5383910178528417	0.7404092074660085
24	0.5448888039939768	0.7463211776427711	0.5290634836382269	0.7455242965227503
25	0.5375375494084447	0.7424824057827374	0.5196323033488924	0.7468030689012669
26	0.5214562334849601	0.7501599490451873	0.5106881285262534	0.7544757030199251
27	0.5064833293491957	0.7667946259485783	0.49930162533469824	0.7595907925339915
28	0.5059934211555231	0.7562380041819845	0.48741389647164307	0.7774936065954321
29	0.47746906405218276	0.7879078693292267	0.47746261839976395	0.7851662402567656
30	0.4771696621038482	0.7789507355357467	0.4640944039120394	0.794117646906382
31	0.4618928606359149	0.7923864359971582	0.45397420322803583	0.8043478257820734
32	0.44452924243700637	0.8035828533343451	0.43751127472923845	0.8120204602056147
33	0.43782403008799026	0.8077415232084839	0.4252704026753945	0.8222506390813061
34	0.41803618729762826	0.8250159953773899	0.4098107436733782	0.8337595904879558
35	0.41029759549362416	0.8278950735383208	0.3992971329737807	0.8439897699734135
36	0.3903632319209977	0.8387715927469982	0.3821529111898769	0.8529411761657052
37	0.37934484212198705	0.8477287273031736	0.3656688435455722	0.8657289004081961
38	0.3567393980229122	0.8560460657548691	0.3541727397600403	0.8695652175437459
39	0.34492470658672064	0.866282789621762	0.33494545988109714	0.8797953965718789
40	0.32256697986801697	0.8761996158558973	0.3184922771228244	0.8874680308429787
41	0.31288768048859983	0.880678183477198	0.30416328225599226	0.8913043479785285
42	0.297534114244422	0.888995521166198	0.2908300963966438	0.9002557546281449
43	0.2920845647271596	0.8931541909640672	0.27970862198058905	0.9079283888992447
44	0.2740936263184935	0.9027511191840975	0.26539914458608993	0.9079283888992447
45	0.25898853957805584	0.9091490724112693	0.2538385429345738	0.9143222507918277
46	0.25508213663856266	0.9101087649281941	0.24472635588072755	0.9194373403058942
47	0.24401404831131834	0.9152271268616406	0.23524572248653988	0.916879795548861
48	0.22934841387979663	0.9251439536677974	0.22695864809443578	0.9245524292101945
49	0.22356775988391478	0.9229046706198426	0.2172575712661304	0.923273656831678
50	0.21004599727504314	0.9299424181591602	0.20927364846019794	0.9258312015887111
51	0.2010472912057729	0.9373000643608742	0.20262984710428722	0.9283887463457444
52	0.193318388436135	0.9404990408028537	0.19633613134284153	0.9322250634812943
53	0.18227002513728993	0.9366602684470682	0.19086771547946785	0.9360613806168442
54	0.18428724757273535	0.934101088033299	0.1894560393012698	0.9398976977523941
55	0.17577182621202328	0.9424184256460296	0.18138560168730938	0.9424552425094272
56	0.16669807848606977	0.9424184256460296	0.17672018645821935	0.943734014887944
57	0.1622930111331354	0.9504158671132587	0.172579162032403	0.9424552425094272
58	0.15096098326160903	0.9548944339718639	0.17054165511027627	0.9424552425094272
59	0.14995849074382317	0.9526551498942701	0.17076965324256732	0.9488491044020104
60	0.14827474782044356	0.9542546384394055	0.16534270342353666	0.9514066491590436
61	0.14768585220446437	0.9577735120183904	0.1619199016667388	0.950127876780527
62	0.13624478041439275	0.9600127960959841	0.15907991717538567	0.9552429662945935
63	0.1339595276845699	0.9606525915521731	0.15612826220062384	0.9526854215375603
64	0.1286827674849401	0.9603326937287416	0.15613022858224562	0.9565217386731102
65	0.12513516974883895	0.9632117724235594	0.1535973578234158	0.9565217386731102
66	0.12229805268580839	0.9622520790676695	0.15305354322313958	0.9565217386731102
67	0.11308189344688326	0.9680102367242482	0.14992879285379443	0.96035805580866
68	0.1260142923831482	0.9606525915521731	0.14956835114285158	0.9565217386731102
69	0.123520979935438	0.9638515670407832	0.150538486211806	0.9578005110516268
70	0.11053617273577115	0.9689699296225208	0.14668854846216528	0.9578005110516268
71	0.11410815377439053	0.9657709534856195	0.14505858471631394	0.9616368281871767
72	0.1011090528122218	0.9702495205348985	0.14380258668566603	0.9616368281871767
73	0.1064767161680961	0.9670505433683585	0.14387103903781423	0.9616368281871767
74	0.09918913674217268	0.9715291110659287	0.1447340480964202	0.9590792834301434
75	0.10437282553313255	0.9689699298131946	0.1409444814676519	0.9616368281871767
76	0.10275279778703542	0.9696097250787097	0.14080965160713782	0.9629156005656933
77	0.10346811572691605	0.9705694179769823	0.14106433653770506	0.9629156005656933
78	0.09851697235536819	0.9724888037735273	0.1398745085805883	0.9641943729442098
79	0.09436833405639602	0.9731285990390424	0.1385496406603957	0.9641943729442098
80	0.09758469633047807	0.9683301345476796	0.13793005723782512	0.9629156005656933
81	0.0887602973903362	0.9721689063314437	0.1364636714272487	0.9667519177012431
82	0.08674350730784032	0.9756877794528114	0.13773276399620962	0.9629156005656933
83	0.08774633951823603	0.972168905950096	0.1372120353343237	0.9667519177012431
84	0.08652864152986273	0.9750479848355875	0.13724345795791168	0.9667519177012431
85	0.0856819380258263	0.97472808720283	0.14030741330455332	0.9590792834301434
86	0.08349311753621257	0.9756877801011025	0.1366981661228268	0.9654731453227265
87	0.0779822889145795	0.9788867564286777	0.13651919155322073	0.9680306900797597
88	0.07463476509427841	0.9772872680742163	0.13884968038105294	0.96035805580866
89	0.0854158080156156	0.9776071658976476	0.13564023676583226	0.9641943729442098
90	0.08602215779643752	0.9740882921279888	0.1351708399746424	0.9667519177012431
91	0.0777774601769577	0.9801663469597077	0.13397840336155709	0.9654731453227265
92	0.0740232478472108	0.9785668587959202	0.13482972282125516	0.9654731453227265
93	0.07432185871120225	0.9792066540614353	0.1333047374511314	0.9680306900797597
94	0.07165456912644155	0.9785668587959202	0.1339662280076605	0.9667519177012431
95	0.0675008904215089	0.9814459374907378	0.1358314965615797	0.9654731453227265
96	0.07153881128617608	0.9769673708228064	0.1340864799592806	0.9667519177012431
97	0.07058021455278629	0.9801663467690339	0.1340943315754766	0.9667519177012431
98	0.06655288716481422	0.9824056301983365	0.13889953029125243	0.9590792834301434
99	0.06924647779245065	0.9795265518848666	0.1357478710162975	0.9616368281871767

The optimal condition:
	epoch: 93
	train_acc: 0.9792066540614353
	val_acc: 0.96803069008
	using time: 277.563313961
