The number of train datas: 8218
The number of test datas: 2056
epoch	train_loss	train_acc	val_loss	val_acc
0	0.706955815020139	0.503772207371479	0.6909079472842383	0.5145914396887159
1	0.6972190311831783	0.5164273545729849	0.687294897402307	0.5598249027237354
2	0.6932790549777957	0.5275006084060344	0.6846669188733231	0.5622568093385214
3	0.6856153222962753	0.5518374300026261	0.6808295672041896	0.5914396887159533
4	0.6825889801131921	0.5562180579941648	0.6756800867704102	0.6113813229571985
5	0.680544287887447	0.5580433196149971	0.669452826336664	0.6220817120622568
6	0.6742297817564672	0.578729617998936	0.6601737786359824	0.6502918287937743
7	0.6661419695414137	0.5951569724703798	0.648100875694928	0.6809338521400778
8	0.652331688480094	0.6213190557023097	0.6304367205512199	0.6950389105058365
9	0.6390364861134399	0.637989778578441	0.6124271544037162	0.7174124513618677
10	0.6246578948113076	0.6643952300264818	0.590750139511049	0.7159533073929961
11	0.6088126646570116	0.6740082744758301	0.5718832992394147	0.7276264591439688
12	0.5938421238887395	0.6866634218151421	0.553296793759565	0.7490272373540856
13	0.5787116119420044	0.7004137259093651	0.5371762634715218	0.7641050583657587
14	0.5672514673334226	0.7124604526358702	0.5234435703967796	0.7714007782101168
15	0.5470260681462538	0.7290094913024048	0.5024102128433346	0.7859922178988327
16	0.5276194941710312	0.7476271598639063	0.48186149346689305	0.7937743190661478
17	0.5152285472845968	0.7560233634067701	0.46793438302867607	0.8054474708171206
18	0.5025030595161353	0.7655147238350982	0.45298755992247436	0.8107976653696498
19	0.4891525480354984	0.7717206133169163	0.4406424286532495	0.8219844357976653
20	0.4744054590678035	0.781698710104937	0.42823028854358985	0.8214980544747081
21	0.46278764434787995	0.795327330163634	0.4192467713402403	0.8268482490272373
22	0.4458962645980963	0.7969092236263788	0.4087028258737423	0.8287937743190662
23	0.43199399030971597	0.8124847894284696	0.4023136133581748	0.8360894941634242
24	0.4310946815435716	0.8098077391237782	0.3941471294902178	0.8375486381322957
25	0.41449724524002	0.8165003649943007	0.38579191771926585	0.8365758754863813
26	0.40354015837913304	0.8275736189288913	0.37798472479391654	0.8399805447470817
27	0.3925838457766343	0.8289121440014545	0.3744438235513895	0.8433852140077821
28	0.3822755957351865	0.8340228766413262	0.3656302924749916	0.8487354085603113
29	0.3706685391024216	0.843027500550397	0.3578500418927419	0.8487354085603113
30	0.36926093464003307	0.8476514966565056	0.3558382449330987	0.85068093385214
31	0.354651173453866	0.8502068629982003	0.34953513822666865	0.8550583657587548
32	0.34669717726379046	0.8517887564319333	0.3616797845187354	0.8526264591439688
33	0.3405926236128047	0.8567778047461613	0.34015690462830467	0.855544747081712
34	0.3354418311103993	0.8620102214070532	0.34171380920168953	0.8589494163424124
35	0.32238427798920344	0.87113652959825	0.3312211919155566	0.8565175097276264
36	0.3193315905313708	0.8677293745726964	0.3301460185171565	0.8560311284046692
37	0.31640285531674955	0.8702847408273557	0.337729532489053	0.8589494163424124
38	0.3089431965001513	0.8745436846092978	0.3216450956544987	0.8642996108949417
39	0.3032775431668332	0.8762472620350393	0.32301319758715796	0.8599221789883269
40	0.29546376951827596	0.8809929422346975	0.318667322049345	0.8662451361867705
41	0.2918986171233767	0.8818447310781212	0.3151314216249184	0.8647859922178989
42	0.28093252113248984	0.8896325139211431	0.311447144076518	0.8662451361867705
43	0.2753389488717998	0.8898758822097834	0.3106391442656981	0.8696498054474708
44	0.27421010977364885	0.8892674615969766	0.3185520169509988	0.8667315175097277
45	0.2729555613645297	0.8908493550887332	0.31151567225558285	0.8711089494163424
46	0.2692460856985425	0.8946215624384533	0.3047530104330078	0.870136186770428
47	0.2657842224576694	0.8947432465465088	0.30125665890799425	0.8740272373540856
48	0.2567716127446923	0.8976636650528053	0.3101460446643458	0.8672178988326849
49	0.25321936040181087	0.897298612815674	0.3224970382939053	0.8652723735408561
50	0.2512414249430378	0.8997322949042544	0.3356597744189348	0.8589494163424124
51	0.24863624699680323	0.9018009248282329	0.2936560844980789	0.8759727626459144
52	0.24669696790628348	0.9035045022394687	0.29927230078422606	0.8745136186770428
53	0.2395793284724942	0.9019226088202414	0.31262151786789355	0.8647859922178989
54	0.23873653674639178	0.9071550255681685	0.2944690528314865	0.8764591439688716
55	0.23478257147303808	0.9067899732440021	0.2973856175108179	0.875
56	0.22632188517323779	0.9101971282695558	0.28818840890079156	0.8793774319066148
57	0.22591405993803018	0.9094670236212229	0.28778911541408136	0.879863813229572
58	0.22422841238798552	0.9145777560580122	0.28991675365295855	0.877431906614786
59	0.22142366921707324	0.9153078607933803	0.28596450852280925	0.8803501945525292
60	0.22368530081582783	0.910562180506687	0.29930324768393884	0.875
61	0.21982895905126124	0.9151861766998308	0.2834232160205507	0.8832684824902723
62	0.21833267789465519	0.913482599187054	0.28384291522697713	0.8818093385214008
63	0.2078831357571817	0.9211486978930086	0.28433789301243273	0.8837548638132295
64	0.21069588869570757	0.9185933316383492	0.30367917184815796	0.8735408560311284
65	0.202368008782899	0.921513750217175	0.38422458972564466	0.8526264591439688
66	0.20720685231523173	0.9210270137849531	0.2816852618748112	0.8837548638132295
67	0.2035612981411975	0.9222438549670491	0.28758109624747635	0.8818093385214008
68	0.2007231253121537	0.9218788025413415	0.28413780711968123	0.8827821011673151
69	0.20051793409314259	0.9233390119250426	0.2940119913985757	0.8788910505836576
70	0.19504706132191468	0.9258943781071726	0.2807254125635911	0.8827821011673151
71	0.19336209834767942	0.9266244827555055	0.2800849047616298	0.882295719844358
72	0.1899003197884844	0.9290581650181564	0.31563241124616986	0.8754863813229572
73	0.19200314359454293	0.9250425894378195	0.2798698113122339	0.8803501945525292
74	0.18853022212905587	0.9256510099926027	0.3221760569901318	0.8730544747081712
75	0.18297354405191468	0.928936480910101	0.2842881549657087	0.8818093385214008
76	0.18247861967640336	0.9299099536730037	0.29318258635960665	0.8808365758754864
77	0.18063910409217043	0.9318568994018915	0.310388827196355	0.8808365758754864
78	0.17527111347181776	0.9307617424293921	0.3410750357325439	0.8662451361867705
79	0.1803717553274682	0.933195424692043	0.27744019576547674	0.882295719844358
80	0.17534347769189385	0.936724263724111	0.29052315171126725	0.8827821011673151
81	0.16639646079076645	0.9362375273934301	0.28172715286568445	0.8813229571984436
82	0.1673683377912544	0.9367242637386168	0.3049300546080222	0.8837548638132295
83	0.17217817731758311	0.9364808955225059	0.2998836357074025	0.8852140077821011
84	0.17056904827469194	0.9348990022048198	0.2886978761231389	0.882295719844358
85	0.16899360081710849	0.9352640545289863	0.2838752871009626	0.8818093385214008
86	0.16468071728495096	0.9367242638111463	0.28255690709626163	0.8808365758754864
87	0.16387725979213036	0.9376977365885549	0.27866295211973824	0.882295719844358
88	0.16116239465945362	0.9387928935610543	0.3193609998035988	0.8832684824902723
89	0.15948502480327342	0.9409832075930883	0.27800934080483847	0.8827821011673151
90	0.16034617646531368	0.9409832075350648	0.27971988603298764	0.8857003891050583
91	0.15442201183294257	0.9437819419913293	0.32653807222495285	0.8813229571984436
92	0.16117434553035015	0.9403747870528109	0.3030060886582976	0.8842412451361867
93	0.15005781324287928	0.9420783645655877	0.2991055496008016	0.8827821011673151
94	0.15273484367724027	0.9426867851058651	0.31685079477640443	0.8847276264591439
95	0.1494858155077349	0.9458505718282726	0.28774917044528264	0.8847276264591439
96	0.1512542476936047	0.9440253103089814	0.2941422964580328	0.8842412451361867
97	0.15479427536899198	0.9413482599317606	0.2870107615504283	0.882295719844358
98	0.14452012796857028	0.9473107812119738	0.3125423987609867	0.8837548638132295
99	0.14634176854830236	0.9454855196201531	0.3073386996694576	0.8827821011673151

The optimal condition:
	epoch: 90
	train_acc: 0.9409832075350648
	val_acc: 0.885700389105
	using time: 662.053578854
