The number of train datas: 6800
The number of test datas: 1700
epoch	train_loss	train_acc	val_loss	val_acc
0	0.6961959786976085	0.5133823529411765	0.6876370385113885	0.5311764704479891
1	0.6889944505691529	0.5366176470588235	0.6806184750444749	0.5776470584027907
2	0.6790086089863496	0.5685294117647058	0.6731278276443482	0.6188235291312723
3	0.674742741023793	0.5752941176470588	0.6635999853470747	0.6511764705882352
4	0.6615597008256351	0.6098529411764706	0.6503557383312899	0.6752941176470588
5	0.6505520190912134	0.6275	0.6347390288465163	0.7064705878145554
6	0.6322582901225371	0.6555882352941177	0.6133959509344662	0.7152941172263202
7	0.6072971011610592	0.6760294117647059	0.5866429794535918	0.7300000002804925
8	0.5854770736133351	0.7075	0.5639856358135448	0.731764705882353
9	0.5674623385597678	0.7130882352941177	0.5400727183678571	0.7341176476198085
10	0.5372771860571468	0.7370588235294118	0.5187148736504947	0.7523529408959782
11	0.5110542004248675	0.7570588235294118	0.49172733980066635	0.7629411764705882
12	0.49144481385455413	0.7729411764705882	0.4696643417723039	0.7823529407557319
13	0.4681339613129111	0.7867647058823529	0.44031718990382024	0.8005882348733789
14	0.44004583835601807	0.8072058823529412	0.40552852862021505	0.832352941456963
15	0.40969590369392844	0.8233823529411765	0.37077323037035326	0.8517647054616143
16	0.37225782113916733	0.8497058823529412	0.33383440382340374	0.8676470589637756
17	0.3411619081917931	0.8658823529411764	0.29570519966237685	0.8935294121854446
18	0.30427363858503453	0.8817647058823529	0.2595219455747043	0.9170588239501505
19	0.27012496001580183	0.9026470588235294	0.23090202941614038	0.927647059244268
20	0.24470230789745556	0.9089705882352941	0.20856890226111693	0.9364705876743092
21	0.22581614469780642	0.9255882352941176	0.19744310242288252	0.9411764700272504
22	0.2075023760515101	0.9277941176470588	0.17758831574636347	0.9482352935566621
23	0.1806046008011874	0.9452941176470588	0.1636115889338886	0.9523529406154857
24	0.17496870608890758	0.9448529411764706	0.15487824825679555	0.9558823523801916
25	0.16001120825024212	0.9505882352941176	0.15432671869502348	0.9588235288507798
26	0.14969717257163104	0.9563235294117647	0.14370044578524196	0.9629411759096034
27	0.14354765664128696	0.9589705882352941	0.14638066074427436	0.9599999994390152
28	0.13797169432920567	0.9627941176470588	0.13347434131538166	0.9647058817919563
29	0.12995698162738015	0.960735294117647	0.13688588524565978	0.9647058817919563
30	0.12164502581252772	0.9673529411764706	0.12634250889806187	0.9676470582625445
31	0.1154559941063909	0.9679411764705882	0.1257562742513769	0.9676470582625445
32	0.1140575631576426	0.9711764705882353	0.12647135846755084	0.9676470582625445
33	0.10895098230418036	0.970735294117647	0.1203613958639257	0.9699999994390152
34	0.10352212449207025	0.9733823529411765	0.11874020618550918	0.9699999994390152
35	0.09573388123446527	0.9729411764705882	0.12051770567893982	0.9699999994390152
36	0.09524931872592253	0.9729411764705882	0.11717333786627826	0.9705882347331327
37	0.09296472344328376	0.9748529411764706	0.11752263163819032	0.9699999994390152
38	0.09326912825598437	0.9758823529411764	0.1150119449110592	0.9711764700272504
39	0.08698016682091882	0.9775	0.11394627346712	0.9711764700272504
40	0.09193014735684675	0.9766176470588235	0.11326865683583652	0.9688235288507798
41	0.08975718761191649	0.9752941176470589	0.11477841790984658	0.9705882347331327
42	0.08277663746300866	0.9802941176470589	0.11150572759263656	0.9711764700272504
43	0.07947184930829441	0.9783823529411765	0.11044956989148084	0.971764705321368
44	0.0769125247001648	0.9795588235294118	0.11677089435212752	0.9699999994390152
45	0.08032299378777251	0.98	0.1101469044124379	0.9729411759096034
46	0.07774654742987717	0.9808823529411764	0.10895726077696856	0.9711764700272504
47	0.07447750694611494	0.981764705882353	0.10866638814701754	0.971764705321368
48	0.07403485001448323	0.9798529411764706	0.10983043870505164	0.9723529406154857
49	0.07091174133998507	0.9819117647058824	0.10835567320094389	0.9723529406154857
50	0.06684494020307766	0.9830882352941176	0.10858908905702479	0.9694117641448975
51	0.07129778633222861	0.981764705882353	0.10989337177837596	0.971764705321368
52	0.0689098059594193	0.9823529411764705	0.10696381740710315	0.9735294112037209
53	0.06842582128942012	0.9819117647058824	0.10665271766045514	0.9729411759096034
54	0.06408363122712163	0.9826470588235294	0.10921363434370826	0.9682352935566622
55	0.06243340453680824	0.9839705882352942	0.10848018867128036	0.9688235288507798
56	0.06068343085401198	0.9833823529411765	0.10702315972131841	0.9688235288507798
57	0.06307122372529086	0.9832352941176471	0.10631625810090234	0.971764705321368
58	0.0598619968400282	0.9854411764705883	0.10472737021305982	0.9729411759096034
59	0.06051023130907732	0.9854411764705883	0.10435406846158644	0.9723529406154857
60	0.058758350014686586	0.9852941176470589	0.10955863980685963	0.9729411761900958
61	0.05871816819205004	0.985735294117647	0.11117000742870219	0.9723529408959781
62	0.056328121002982644	0.9851470588235294	0.10414702457540176	0.9705882347331327
63	0.05679419752429513	0.9848529411764706	0.10421074797125424	0.9699999994390152
64	0.0546698649731629	0.9861764705882353	0.10396794666262234	0.9723529406154857
65	0.053664894807426367	0.9858823529411764	0.10508778105763827	0.9729411761900958
66	0.05148903792395311	0.9864705882352941	0.1043172902044128	0.9735294112037209
67	0.0543659453948631	0.9873529411764705	0.10347957225406872	0.9735294112037209
68	0.050293123958741914	0.9873529411764705	0.1030610369233524	0.9723529406154857
69	0.05349979286684709	0.9855882352941177	0.10444455418516607	0.9735294114842135
70	0.0494280630262459	0.9872058823529412	0.10301646611269782	0.971764705321368
71	0.04645704795551651	0.9885294117647059	0.10397285086267134	0.9723529406154857
72	0.049646552468047424	0.9872058823529412	0.1056148553946439	0.9735294114842135
73	0.04968551583807258	0.9870588235294118	0.10404129883822273	0.9747058820724487
74	0.04781833107199739	0.9875	0.10290885174975675	0.9729411761900958
75	0.04562662701396381	0.9883823529411765	0.10499859394396052	0.9735294114842135
76	0.04467667898711036	0.9885294117647059	0.10478775119080264	0.9694117641448975
77	0.044048227597685424	0.9883823529411765	0.10230514701674966	0.9729411761900958
78	0.04330396403284634	0.9897058823529412	0.10376873605391558	0.9735294114842135
79	0.04224411370123134	0.9895588235294117	0.10563651659909416	0.9682352935566622
80	0.043932451614562204	0.9886764705882353	0.10526089591138503	0.9735294114842135
81	0.04187887512585696	0.9901470588235294	0.10360467945828157	0.9711764703077429
82	0.03790021096958834	0.9898529411764706	0.10334644356194664	0.9717647056018605
83	0.04056837730547961	0.9901470588235294	0.1028700159928378	0.9717647056018605
84	0.03867842756650027	0.9904411764705883	0.10378175581202788	0.9705882350136252
85	0.03972885641981574	0.9901470588235294	0.10616878534064574	0.9723529408959781
86	0.04049027900923701	0.9902941176470588	0.10228334731915417	0.9735294114842135
87	0.03731356836964979	0.99	0.10354354760226081	0.9741176467783311
88	0.03703589805785348	0.9901470588235294	0.10372211859506719	0.9741176467783311
89	0.0357776044484447	0.9913235294117647	0.10397961030988133	0.9747058820724487
90	0.034578324272297324	0.9911764705882353	0.10454086759511162	0.9747058820724487
91	0.034768167820704333	0.9919117647058824	0.1045392912275651	0.9747058820724487
92	0.035252241444061784	0.9902941176470588	0.10357283055782318	0.9741176467783311
93	0.033834068117772835	0.9908823529411764	0.10466449604314916	0.9741176467783311
94	0.03343975866542143	0.9916176470588235	0.10409116261145648	0.9711764703077429
95	0.033055311051361704	0.9914705882352941	0.1045007050037384	0.9752941173665663
96	0.03296483568655437	0.9913235294117647	0.10454451280481675	0.9741176467783311
97	0.03180580011185478	0.9919117647058824	0.10469733925426708	0.9747058820724487
98	0.03262491897405947	0.9913235294117647	0.10485792749068316	0.9747058820724487
99	0.031225688930820016	0.9920588235294118	0.10625683223499971	0.9699999997195076

The optimal condition:
	epoch: 95
	train_acc: 0.9914705882352941
	val_acc: 0.975294117367
	using time: 647.842893124
