The number of train datas: 2100
The number of test datas: 526
epoch	train_loss	train_acc	val_loss	val_acc
0	0.7260746340524583	0.498095238776434	0.698876656280271	0.4676806090449199
1	0.7041524329639617	0.5147619044780731	0.6948018781132571	0.5038022814254797
2	0.6957198296274457	0.5180952378114064	0.6907336967979547	0.5076045628509595
3	0.6888456283296858	0.5457142857710521	0.6880634209502332	0.5266159696950659
4	0.6803993097941081	0.5704761899085272	0.6855600492129308	0.5437262357414449
5	0.6785026458331517	0.5747619047619048	0.6831958923956287	0.5627376425855514
6	0.6767918200719925	0.574285713718051	0.6804693382049242	0.5741444866920152
7	0.6744853414808001	0.5761904760769435	0.6784337641168456	0.5893536126205676
8	0.6705408992086138	0.5880952376411075	0.6753849940154942	0.5950570339938986
9	0.6688300519897824	0.5985714284578959	0.6728229973706003	0.5969581746783094
10	0.6673249470619929	0.6014285719962347	0.6701567574145676	0.6026615974114422
11	0.6594950141225542	0.6185714284578959	0.6668351256348788	0.6083650194646741
12	0.6629624323617844	0.6052380954651605	0.662923193023232	0.6235741449399593
13	0.6493140526044936	0.6342857141721816	0.6589961419087399	0.6254752856243699
14	0.6445803356170654	0.6476190473919823	0.6543333296993387	0.6463878331528871
15	0.6399979931967599	0.6399999994323368	0.6500364639459907	0.6539923949839951
16	0.6321387570244925	0.6542857147398449	0.6453042805421488	0.6653992399969935
17	0.6218644344239008	0.6661904767581395	0.6390812376606148	0.6787072238813335
18	0.6167142463865735	0.6795238098644075	0.6330101805041498	0.6768060838768237
19	0.614040630885533	0.6738095234689259	0.626271860681106	0.6920152093521089
20	0.6015234465826126	0.6828571428571428	0.6200864963205142	0.7015209127741622
21	0.6027361442929222	0.6861904763040089	0.612672453144204	0.7072243348273941
22	0.5892159501711528	0.709047619728815	0.6057002181789267	0.7224334603026793
23	0.5749624529339018	0.7133333326521374	0.5991143683970201	0.7224334593961448
24	0.5651816172826858	0.7228571422894796	0.5898354081826518	0.7433460069246618
25	0.5526307778131394	0.7285714290255592	0.5826532379529322	0.7376425848714299
26	0.5392426822299049	0.7552380945568993	0.5733787350554883	0.7547528510311258
27	0.5407767249856676	0.7338095244907198	0.5664863223811972	0.7547528510311258
28	0.5239396524996984	0.7499999995458694	0.5679329167980658	0.7224334593961448
29	0.5266478935877482	0.749999999659402	0.5544048863898665	0.752851710346715
30	0.5120846180688767	0.7652380956922259	0.5556541131703119	0.7452471476090725
31	0.49241818178267704	0.7699999998864674	0.541823995317343	0.7566539917155364
32	0.4945448844773429	0.7776190472784497	0.5426792135256778	0.7623574137687683
33	0.4918858289718628	0.7719047625859579	0.5359779456949053	0.7680608358220002
34	0.4880321595214662	0.7804761911573864	0.5377610791545404	0.7642585544531789
35	0.4692918088890257	0.7880952387764341	0.5271135828114281	0.7661596951375896
36	0.47202328125635784	0.780952381292979	0.5240465135175466	0.7642585544531789
37	0.45472955953507194	0.7971428570293245	0.523017931233794	0.7680608358220002
38	0.45296954302560716	0.7999999995458694	0.5161814672638708	0.7680608367285348
39	0.45714303607032414	0.7919047614506313	0.5205763670201538	0.7699619765064109
40	0.4314267731280554	0.8076190476190476	0.519239245825394	0.7680608358220002
41	0.4387569761276245	0.806666666212536	0.5162881858675199	0.7718631171908216
42	0.437558757123493	0.8019047622453599	0.5159119754009827	0.7642585544531789
43	0.4351080813294365	0.8123809523809524	0.5149798386450503	0.7623574137687683
44	0.4268484616279602	0.8119047621318273	0.5141550761438595	0.7680608358220002
45	0.4209342578479222	0.8171428575969878	0.509164233284758	0.7718631171908216
46	0.40834633696646916	0.8247619045348394	0.5062522541434139	0.7756653985596428
47	0.414230299223037	0.8228571424030122	0.5080914345530956	0.7680608358220002
48	0.41175120047160557	0.825714286281949	0.5069135422942302	0.7680608358220002
49	0.40382258897735956	0.8385714283443633	0.5036205720765509	0.7718631171908216
50	0.40477969686190285	0.8228571435383388	0.5030550103450456	0.7718631171908216
51	0.3955146700427646	0.8338095243771871	0.5089574302104036	0.7718631171908216
52	0.38812342848096576	0.8414285721097674	0.5010045798559153	0.7756653985596428
53	0.38000242693083625	0.8376190477325802	0.5179013876180685	0.7813688206128748
54	0.39151214145478747	0.8400000004541306	0.5034057213553005	0.7756653985596428
55	0.3811503867875962	0.8438095244907198	0.49593462168943747	0.7775665392440535
56	0.37984276084672836	0.8390476192746844	0.4952780876322844	0.785171101981696
57	0.38241927391006836	0.8399999998864673	0.4947163357254217	0.785171101981696
58	0.3711574609506698	0.8438095240365892	0.4963601905810062	0.7870722426661068
59	0.36909987330436705	0.854285713718051	0.4919234923310153	0.7813688206128748
60	0.365917234874907	0.8495238097508748	0.4883200317734548	0.785171101981696
61	0.366716076249168	0.8495238094102768	0.5053806809191468	0.7889733833505174
62	0.36663195224035355	0.8504761907032558	0.4940100564929469	0.785171101981696
63	0.3572626577104841	0.851904761564164	0.5031658783838323	0.790874524034928
64	0.36017086148262023	0.8519047617912292	0.4935486071916588	0.7889733833505174
65	0.35379730985278174	0.8585714286849613	0.49273239036476657	0.7927756647193387
66	0.35177135263170517	0.85333333276567	0.4999528214505417	0.7965779460881599
67	0.34888201219694953	0.859999999659402	0.4944283378668158	0.7946768054037493
68	0.344612885145914	0.8580952380952381	0.49467482550969144	0.7946768054037493
69	0.3391274200734638	0.8599999997729347	0.5107276048723736	0.785171101981696
70	0.32980992237726847	0.8714285719962347	0.4893797804874159	0.785171101981696
71	0.33916475409553165	0.8604761897949945	0.49066040078496753	0.7946768054037493
72	0.32869854231675466	0.8728571429706755	0.4940841361143743	0.7965779460881599
73	0.33106351369903203	0.8647619049889701	0.4817415147226573	0.7889733833505174
74	0.3207580010663895	0.8609523815200443	0.4839233367388693	0.790874524034928
75	0.31277458724521456	0.8814285719962347	0.5016479604371147	0.7984790867725706
76	0.3202081549735296	0.8728571422894795	0.4908517728287004	0.7946768054037493
77	0.32527462851433525	0.867619047505515	0.4849443119515031	0.7927756647193387
78	0.3123828673930395	0.8757142851466224	0.49775911737304224	0.8022813681413918
79	0.32471642505554926	0.866666666553134	0.48693078189748323	0.8003802274569812
80	0.3020236853758494	0.8842857145127796	0.4801870898375493	0.7927756647193387
81	0.3159482128563381	0.8809523814065116	0.5010036543974858	0.8003802274569812
82	0.3130202570131847	0.882380952494485	0.49614980295583777	0.8003802274569812
83	0.3028948174204145	0.8785714290255592	0.4867299975324493	0.7984790867725706
84	0.30154549496514454	0.874285713718051	0.4897818946113151	0.7965779460881599
85	0.30385488146827333	0.874285713718051	0.4797429647509136	0.7946768054037493
86	0.29640523757253373	0.8766666660990033	0.490245640617813	0.8022813681413918
87	0.2979196934472947	0.8747619046483721	0.4805670386258187	0.7946768054037493
88	0.29467514015379404	0.8790476192746843	0.48885841775303107	0.8003802274569812
89	0.28439553306216286	0.8899999994323368	0.482443469445515	0.7965779460881599
90	0.29525118572371345	0.8842857148533776	0.48682531669112666	0.7965779460881599
91	0.2841575187160855	0.88666666723433	0.48663347052983913	0.7965779460881599
92	0.2814413478828612	0.8928571429706755	0.4790862450808173	0.7965779460881599
93	0.28263413446290153	0.8904761899085272	0.48183339380945994	0.8003802274569812
94	0.27526366784459066	0.892380952153887	0.4920961229066885	0.7965779460881599
95	0.27392039741788593	0.8923809516997564	0.48421469081490665	0.7965779460881599
96	0.2748524549461546	0.8852380954651605	0.48457948676533574	0.7984790867725706
97	0.2631813226711182	0.8947619048754374	0.48641924180458707	0.7984790867725706
98	0.26909044299806867	0.9009523803847177	0.496924074090479	0.7984790867725706
99	0.27072983361425856	0.8966666660990034	0.4908487868173041	0.7984790867725706

The optimal condition:
	epoch: 86
	train_acc: 0.8766666660990033
	val_acc: 0.802281368141
	using time: 152.560745001
