The number of train datas: 2464
The number of test datas: 618
epoch	train_loss	train_acc	val_loss	val_acc
0	0.6984442921427937	0.5174512987012987	0.6977438795527979	0.5210355973552346
1	0.692143550166836	0.5324675324675324	0.6935238747535014	0.5275080857925045
2	0.6924628669565375	0.5227272727272727	0.6891286253543347	0.5598705501618123
3	0.6889716185532607	0.5263798701298701	0.685630884178248	0.5760517811890945
4	0.6817030008737143	0.5551948051948052	0.6827339036179206	0.5809061477099422
5	0.679553184416387	0.5665584415584416	0.6794501695432323	0.580906152918115
6	0.6784729887912799	0.5637175324675324	0.6758073753523595	0.5906148844166481
7	0.6699308040854218	0.5892857142857143	0.6712889806352387	0.6165048545618274
8	0.6654964778330419	0.6038961038961039	0.6658816009663455	0.6359223329905167
9	0.6595703913019849	0.6193181818181818	0.6594500134677949	0.6423948248999019
10	0.6514418651531269	0.6343344155844156	0.6532560347739161	0.6601941776507109
11	0.6484075560198201	0.630275974025974	0.6472431999965779	0.6747572844468274
12	0.6369188342775617	0.6619318181818182	0.6400933385281116	0.6812297688332962
13	0.6339549646749125	0.6619318181818182	0.6318823913154479	0.6860841377653351
14	0.6257433837110346	0.6700487012987013	0.6232405750496873	0.6909385066973739
15	0.6189692686130475	0.6793831168831169	0.6145182201777462	0.6990291292999169
16	0.6194864000592913	0.6741071428571429	0.6058827032934886	0.7055016148437574
17	0.6034860696111407	0.6838474025974026	0.5960338817830996	0.7233009664371948
18	0.5838487179248364	0.7215909090909091	0.5834975236827887	0.7200647280054185
19	0.5822104478811289	0.7150974025974026	0.572357466498625	0.7362459554641378
20	0.5625737084970845	0.7309253246753247	0.5603433359402283	0.7475728201634676
21	0.5584948705388354	0.7297077922077922	0.5463733906499004	0.7524271877452393
22	0.5556804266842928	0.7305194805194806	0.54107197607991	0.7540453059002034
23	0.5265767806536191	0.765422077922078	0.5226649474171758	0.7799352731519532
24	0.5246533418630625	0.7589285714285714	0.5154413031142893	0.7669902935768794
25	0.5085188831601825	0.770698051948052	0.5002111373981611	0.7766990248825172
26	0.4953761553609526	0.7820616883116883	0.4866007193199639	0.781553393814556
27	0.48724145703501515	0.7719155844155844	0.47302141361252004	0.7880258857239412
28	0.4605910073627125	0.801948051948052	0.4587513152449648	0.8058252448402948
29	0.4526129821678261	0.8039772727272727	0.4572756012666573	0.7880258897747423
30	0.4493110195382849	0.8145292207792207	0.4496518544201712	0.7928802587067811
31	0.4258229538991854	0.8218344155844156	0.433887159264975	0.8139158599199214
32	0.4206170548092235	0.8210227272727273	0.41754453882430365	0.8187702222935205
33	0.3996144664752019	0.8380681818181818	0.41224786089461984	0.8187702249940545
34	0.3973202264154112	0.8242694805194806	0.39759368678512697	0.8187702222935205
35	0.3877642665590559	0.8409090909090909	0.4010456831324062	0.8268608450889587
36	0.3793276014266076	0.849025974025974	0.38241942549986363	0.8236245950834651
37	0.37023785903856354	0.849025974025974	0.3936633239093336	0.8236245927687216
38	0.36215255477211694	0.854301948051948	0.3825591071523895	0.831715207655453
39	0.3511833896884671	0.8640422077922078	0.36624989935881114	0.8333333381557156
40	0.3472433779146764	0.8632305194805194	0.3638660677235489	0.8365695790951306
41	0.33687670045084767	0.8664772727272727	0.3554631767728182	0.8381877007222098
42	0.32639081137520926	0.8721590909090909	0.347982787777305	0.8349514611330618
43	0.3218261955620407	0.8762175324675324	0.340513626637968	0.8430420760197933
44	0.31534752211013395	0.8778409090909091	0.34580665257756377	0.8446601914742232
45	0.3126583993434906	0.8798701298701299	0.3396828678047773	0.8398058250498232
46	0.30540983630465224	0.8843344155844156	0.3422023662664358	0.8430420684968769
47	0.2938684317972753	0.890827922077922	0.3231498123565538	0.8543689316530444
48	0.2969187945127487	0.8818993506493507	0.32880605212307285	0.8462783169592083
49	0.2837428942129209	0.8883928571428571	0.3210191764299152	0.8462783156089413
50	0.2774168107803766	0.8928571428571429	0.31527875108240494	0.8462783156089413
51	0.28325319174048186	0.8928571428571429	0.3140063379381853	0.8478964385862875
52	0.2698801430788907	0.9025974025974026	0.3061748593563401	0.862459545382404
53	0.26790276711637323	0.8993506493506493	0.3133854501455733	0.8543689318459396
54	0.25609441701467933	0.9090909090909091	0.309192664848948	0.855987054823286
55	0.2622868743809787	0.903814935064935	0.3026231740477787	0.8559870573309247
56	0.25565400758346957	0.9090909090909091	0.29832771883427517	0.8608414262629636
57	0.23878349267043075	0.9159902597402597	0.29872394828155974	0.8608414198974189
58	0.24354265959231886	0.9143668831168831	0.2994059683049767	0.8608414198974189
59	0.24844456299558862	0.9119318181818182	0.3087972661052321	0.867313917014977
60	0.23276706717231058	0.9127435064935064	0.2892550796173923	0.8689320411496949
61	0.2329390130259774	0.908685064935065	0.2832548308719709	0.8689320372917891
62	0.23378804906622155	0.908685064935065	0.285391265231043	0.8721682807388429
63	0.22205029602174636	0.921672077922078	0.2796374168789503	0.8721682896120263
64	0.22817905692311077	0.9163961038961039	0.27882380450813515	0.8786407776635056
65	0.23160464500452016	0.9147727272727273	0.27943423699020953	0.8770226560364264
66	0.2194294092523587	0.9273538961038961	0.276561037718671	0.8818770186029206
67	0.21873925839151656	0.9188311688311688	0.27310163525315934	0.8770226585440651
68	0.21293870795082737	0.9224837662337663	0.27569282922929933	0.8802588994834801
69	0.20974015744475574	0.9237012987012987	0.27153527775242875	0.8818770224608264
70	0.20565427046317558	0.9285714285714286	0.2693116418462741	0.8834951415802669
71	0.204203326980789	0.9318181818181818	0.26711796064978666	0.8834951440879056
72	0.19896011693137033	0.9277597402597403	0.2740082325576578	0.885113268415519
73	0.2010667695627584	0.9330357142857143	0.2677898026014223	0.8867313913928653
74	0.1919711394743486	0.9342532467532467	0.26699823300236636	0.8867313913928653
75	0.19812245434754855	0.9289772727272727	0.2754505767598507	0.8818770263187322
76	0.19751552985860155	0.9366883116883117	0.2601928327075872	0.8883495130199445
77	0.1870377789457123	0.9326298701298701	0.26991581010201215	0.886731395250771
78	0.18537851984237697	0.9362824675324676	0.2667914652129979	0.8883495143702115
79	0.18252556819420357	0.935064935064935	0.2653164998613129	0.8899676373475578
80	0.18347508779593877	0.935064935064935	0.2636352064732981	0.8915857603249041
81	0.18295080282471396	0.9358766233766234	0.26005133417431975	0.8899676373475578
82	0.1772683665349886	0.935064935064935	0.2652382135487683	0.885113268415519
83	0.17238927545485558	0.939935064935065	0.25545026029197915	0.8915857628325429
84	0.17742497986787326	0.9411525974025974	0.25530618747461187	0.8948220024216909
85	0.16674400575749285	0.9439935064935064	0.2535263877663412	0.8996763713537297
86	0.17040828644455253	0.9456168831168831	0.26314183365565674	0.8915857641828099
87	0.17199470489830165	0.9391233766233766	0.2606825855557587	0.8883495182281174
88	0.1579388194269948	0.9496753246753247	0.25089488243593755	0.8964401342722205
89	0.1695566525706997	0.942775974025974	0.2506969048367349	0.8964401317645817
90	0.1516370792667587	0.9476461038961039	0.25359862570237957	0.8964401253990371
91	0.16225386827022997	0.9439935064935064	0.2521461520862425	0.8964401253990371
92	0.15489725362170825	0.9448051948051948	0.2564132251207111	0.8899676412054636
93	0.1512284842017409	0.9508928571428571	0.26004719676323307	0.8915857641828099
94	0.15975550566981364	0.9492694805194806	0.24904912623386938	0.8964401279066758
95	0.15438174253160303	0.9484577922077922	0.25450401480722584	0.8899676412054636
96	0.14461748050404832	0.9545454545454546	0.24815739691257477	0.9045307402857685
97	0.14497460366843581	0.952922077922078	0.24752090461431583	0.9061488632631147
98	0.14415482247804667	0.9488636363636364	0.2514239068363091	0.8948220101375024
99	0.14443275264718317	0.9537337662337663	0.24567417043312467	0.8996763738613685

The optimal condition:
	epoch: 97
	train_acc: 0.952922077922078
	val_acc: 0.906148863263
	using time: 186.420409918
