The number of train datas: 6274
The number of test datas: 1570
epoch	train_loss	train_acc	val_loss	val_acc
0	0.7006085388478785	0.5258208479438954	0.671184569635209	0.6127388537309731
1	0.6731781336696504	0.5875039846987568	0.6460803513314314	0.6777070069009331
2	0.6453289237036081	0.6420146636914249	0.6193448010523608	0.7235668791327506
3	0.6104556597985391	0.6839336946126873	0.5779310391966704	0.750955413709021
4	0.5701684933541723	0.7215492508766337	0.5296057123287469	0.7821656046399645
5	0.5242662099200447	0.759642970991393	0.48308870412741495	0.7923566881258777
6	0.47791644171768594	0.787217086388269	0.4446993716203483	0.8127388531994668
7	0.4376555873466442	0.8120816066305387	0.4036397387647325	0.8305732479520664
8	0.3929223097886939	0.8356710232706407	0.36743499310153305	0.8630573243851875
9	0.3491276642833122	0.8627669748167038	0.3337350859763516	0.8745222925380537
10	0.3153756471397697	0.8783869939432579	0.31097444022537035	0.8853503186991261
11	0.27993361022505064	0.8986292636276697	0.28541398477402463	0.8955414008183085
12	0.24965468090375517	0.9144086707044947	0.27116214653868587	0.9012738855021775
13	0.2335601198300838	0.917277653809372	0.25864467263981034	0.9121019102965191
14	0.20961584858204438	0.9313037934332165	0.2538977901077574	0.9152866236723153
15	0.19656500041218825	0.9386356391456806	0.2499485147037324	0.9191082797232707
16	0.18260614193707542	0.9443736053554351	0.24917923612579418	0.9242038217319805
17	0.17119627846134747	0.9481989161619382	0.2591063393529054	0.9242038210486151
18	0.1683178629724984	0.9494740197641058	0.23781018409000082	0.9235668790568212
19	0.15699195184922726	0.9540962703219636	0.23522017791772346	0.9242038217319805
20	0.14965819031983416	0.9577621931781958	0.2398873196950384	0.9286624197747297
21	0.14417282287637054	0.9593560726809053	0.2391044566775583	0.9273885344244113
22	0.14267063722285184	0.9577621931781958	0.229015486825044	0.9273885351077766
23	0.14197764963453122	0.960631176283073	0.23271697642886716	0.9280254770995705
24	0.13559220342460163	0.9609499521836149	0.22827993690208265	0.9312101904753667
25	0.13616341725823072	0.9630219955371374	0.22441916205700796	0.9318471331505259
26	0.12841750244863254	0.9642970991393051	0.2288607577894144	0.9331210185008444
27	0.12864497605121017	0.9642970991393051	0.22269130170724954	0.9324840758256852
28	0.12819398812781027	0.9625438316863245	0.24018640994645987	0.929299362449889
29	0.12760602587885658	0.9658909786420147	0.23541360851495888	0.9286624197747297
30	0.12123360989539912	0.9652534268409309	0.286444321500173	0.9165605095541401
31	0.13832369118876658	0.9583997449792796	0.22481349532011968	0.9305732478002074
32	0.12100324838977114	0.9654128147912018	0.23465654515916376	0.9286624197747297
33	0.11623853176670694	0.9695569014982467	0.23048801058606738	0.9318471331505259
34	0.10964285057652023	0.9701944532993305	0.22316653796821642	0.9343949038511629
35	0.11218557057912311	0.9676442460949952	0.2267869128163453	0.9337579611760036
36	0.10917183681924679	0.9698756773987887	0.22879284416224546	0.9331210185008444
37	0.11244975643426626	0.96844118584635	0.22749135573958135	0.9324840758256852
38	0.10565992461497858	0.9713101689512272	0.21987875851855915	0.9363057318766406
39	0.10603506116752873	0.9697162894485177	0.22064753520260952	0.9350318465263221
40	0.10751705784985964	0.9713101689512272	0.21967039028550409	0.9350318465263221
41	0.10453130099963982	0.9708320051004145	0.2205269070282863	0.9350318465263221
42	0.10816146777797304	0.9719477207523112	0.21697716175750562	0.9356687892014813
43	0.10288392358979374	0.9713101689512272	0.2235882575677079	0.9343949038511629
44	0.10267841490876235	0.9695569014982467	0.21386031732437716	0.9363057318766406
45	0.10492911804699008	0.9705132291998725	0.21526900787072575	0.9343949038511629
46	0.09980442053360813	0.9730634364042079	0.21500106919912776	0.9350318465263221
47	0.10062800483183759	0.972266496652853	0.22021889141315867	0.9350318465263221
48	0.1007344936367135	0.972425884603124	0.21565000324682065	0.9356687892014813
49	0.10018560164665953	0.9732228243544788	0.2146541783384457	0.9356687892014813
50	0.09409920910951065	0.9738603761555626	0.21726377188779747	0.9350318465263221
51	0.0960325465205952	0.9748167038571884	0.21839743194876204	0.9343949038511629
52	0.0967136700492908	0.9729040484539369	0.21044052998731091	0.9363057318766406
53	0.09774586295748797	0.972266496652853	0.21636235265974785	0.9350318465263221
54	0.09577172904806482	0.9733822123047497	0.213857272798848	0.9356687892014813
55	0.09720406092461086	0.9741791520561046	0.2131777872610244	0.9350318465263221
56	0.08990697760407623	0.9748167038571884	0.2179108767040596	0.9350318465263221
57	0.09161562013244189	0.9729040484539369	0.22041475582559397	0.937579617226959
58	0.09176526419104546	0.9752948677080012	0.2192051468761104	0.937579617226959
59	0.0897531627463922	0.9760918074593561	0.21284942940162246	0.9363057318766406
60	0.08720152963108418	0.9756136436085432	0.22300819442340522	0.9369426751592357
61	0.08982593677295232	0.9751354797577303	0.22007922178525832	0.9363057324840764
62	0.08617820168655647	0.9746573159069174	0.2141225347093716	0.9363057318766406
63	0.08977469215684641	0.976251195409627	0.22130412158502893	0.9375796178343949
64	0.08966860447612146	0.9743385400063755	0.21550148382877848	0.9369426745517998
65	0.08715077839461641	0.976569971310169	0.2163678200713768	0.9369426745517998
66	0.08358022567255266	0.9768887472107108	0.21376375597753342	0.9363057318766406
67	0.08589435896812768	0.9775262990117947	0.21244562759900548	0.937579617226959
68	0.08396497156659832	0.976251195409627	0.21078821533614664	0.937579617226959
69	0.08160889273492164	0.9791201785145043	0.2115949375804063	0.9363057318766406
70	0.08212972182280553	0.9759324195090852	0.21254523586315713	0.9369426745517998
71	0.08466088272106279	0.9764105833598979	0.23470235947685636	0.9337579617834395
72	0.09237009973883045	0.9743385400063755	0.21390087308397718	0.9369426751592357
73	0.08397460675444769	0.9760918074593561	0.23071567587507	0.9363057324840764
74	0.08645777564387737	0.9744979279566465	0.214403532687456	0.9375796178343949
75	0.08293703597206427	0.9775262990117947	0.20825961691558742	0.9356687892014813
76	0.08054546978838853	0.9776856869620657	0.21312275132650782	0.937579617226959
77	0.08054214371847755	0.9784826267134205	0.20919783160944652	0.937579617226959
78	0.07878746806264189	0.9788014026139624	0.20224792640300313	0.9363057318766406
79	0.08749435834733875	0.9738603761555626	0.20024767515196162	0.940127387927596
80	0.07560504611449748	0.9776856869620657	0.20594085226203226	0.937579617226959
81	0.0855175711091039	0.9746573159069174	0.20982491642616358	0.9394904452524367
82	0.07833423410477885	0.9781638508128786	0.20886910833940384	0.937579617226959
83	0.07503006509738265	0.9789607905642334	0.21212688950216693	0.940127387927596
84	0.07638446849901176	0.9781638508128786	0.21035449535224088	0.9382165599021183
85	0.07503851932337804	0.9781638508128786	0.21010861408178974	0.9382165599021183
86	0.07664256929195788	0.9788014026139624	0.21076393518478248	0.9388535025772775
87	0.07129477047007252	0.980235894166401	0.2120331271154106	0.937579617226959
88	0.07308789076515737	0.9803952821166719	0.2141922254898366	0.9388535025772775
89	0.07101978252828596	0.9788014026139624	0.21012705777101456	0.9369426745517998
90	0.07350199770539818	0.9799171182658591	0.2072983104616973	0.9363057318766406
91	0.06865746544891951	0.9794389544150462	0.22031516455540992	0.9414012738853503
92	0.07327208934000885	0.9786420146636914	0.21661136646749107	0.9388535031847134
93	0.07320951934753044	0.9792795664647752	0.20597768057683472	0.9394904452524367
94	0.0743115210242434	0.9788014026139624	0.21183915759917277	0.9394904458598726
95	0.06769848304599106	0.9810328339177559	0.2169025592363564	0.9401273885350319
96	0.06750181963465987	0.9811922218680268	0.2133794916853024	0.9382165599021183
97	0.06922959762657757	0.9788014026139624	0.2188505558973285	0.9394904458598726
98	0.07024324881420942	0.9800765062161301	0.2166578807553668	0.9401273885350319
99	0.06577414086759012	0.9808734459674848	0.2183317551235105	0.9394904458598726

The optimal condition:
	epoch: 91
	train_acc: 0.9794389544150462
	val_acc: 0.941401273885
	using time: 299.702515125
