The number of train datas: 3778
The number of test datas: 946
epoch	train_loss	train_acc	val_loss	val_acc
0	0.720395817366651	0.48994176841526826	0.7034929533337437	0.48942917522365903
1	0.7059716793391488	0.4936474327563987	0.6956335713192978	0.5105708238312356
2	0.6954739253441451	0.5150873475821957	0.6901704973952715	0.5369978862761443
3	0.6879000579509361	0.5365272634177058	0.6856026039567105	0.5644820290312454
4	0.6857729252524449	0.5492323983782117	0.6807917874408826	0.5909090910351049
5	0.6794693435292323	0.56670195851899	0.6753656251737986	0.6183932349243325
6	0.6704462999512494	0.5857596609755255	0.6671003463656403	0.6490486251627416
7	0.6625664102898634	0.6058761252178093	0.6563429236412048	0.6606765321394857
8	0.6526864721637482	0.6257278984535807	0.6420188960766944	0.6923890068465509
9	0.6380067792375482	0.6508734778729364	0.6254440067182384	0.7019027469022078
10	0.623291553455159	0.6638433029249019	0.6063187838104764	0.7262156433081274
11	0.6009152097762609	0.6911064055686655	0.5852595028363121	0.7367864699746791
12	0.5898996573266938	0.7016940183775837	0.564878350710516	0.7505285408481736
13	0.5745334060751237	0.7133403913630197	0.5473813902248036	0.7515856222924924
14	0.5500045592283811	0.7334568556053036	0.5305128922926196	0.7621564468168053
15	0.5324948190727709	0.7400741134136678	0.5154220768689605	0.7684989415313931
16	0.5301269262224483	0.7400741136345427	0.5042079394765938	0.7727272723492306
17	0.504655312456865	0.7646903124607828	0.4929719703394061	0.772727273483357
18	0.49206141117011637	0.7678665959563692	0.48217264485661626	0.778012684737401
19	0.4943062433684043	0.7710428799568124	0.4731791031411032	0.7822410134129998
20	0.4756948349651298	0.7826892540150688	0.4621894686595078	0.7906976751746889
21	0.4624328702420012	0.793806246565157	0.4512098185859825	0.7938689225319828
22	0.43599950869667775	0.8083642137435582	0.43972007486079256	0.8023255811433208
23	0.43545512723316904	0.8115404972391447	0.4284563310932659	0.8076109934054772
24	0.4190984596771939	0.8147167812395878	0.4180351813928269	0.8160676520168151
25	0.4044010120450409	0.8266278456101789	0.40931854219063646	0.8202959839687791
26	0.38698743944006536	0.8409211224762455	0.39323113477507304	0.8276955589935593
27	0.3708980834755461	0.8493912119345415	0.3813551758862953	0.8350951361605783
28	0.3612783907140103	0.8536262572158765	0.3716142883890527	0.8424947133275974
29	0.3434555929227125	0.8594494438032552	0.3653773820740476	0.8446088803746987
30	0.34087033469630273	0.8650079411511197	0.3517928021717777	0.8541226224465803
31	0.3133410771982325	0.8800952889857436	0.33933524525946845	0.8551797027567728
32	0.3101980985630878	0.8790365277048517	0.3368047812587363	0.861522198605487
33	0.29454158835779615	0.8888300690088025	0.32460138132405836	0.8646934459627809
34	0.29159422774930804	0.8898888302581407	0.3166975047888262	0.8710359406773687
35	0.27326641740970603	0.8957120171610548	0.30774195274893373	0.8731501055822312
36	0.270666071217233	0.9017998940923215	0.3084251489057097	0.8826638487882392
37	0.2559254718969082	0.9025939647453434	0.295994655053913	0.8911205062654507
38	0.25631441541958766	0.9105346749357726	0.2922365150038334	0.8953488382174147
39	0.24628184656891133	0.9100052937746932	0.28410497591309014	0.8953488360751759
40	0.2352712467399585	0.9192694547064031	0.28940510393827207	0.8932346733125521
41	0.2355671624237422	0.9152991000213845	0.27367705985683216	0.8985200834324698
42	0.21588816519386872	0.922445738170436	0.2736468258733225	0.9027484153844337
43	0.2146727308481064	0.9224457384228644	0.26425457715862144	0.9016913307897636
44	0.20299853692930675	0.9274748543572211	0.2683569516742456	0.8995771680271398
45	0.20027740653890222	0.9277395446695557	0.25667864241761335	0.9038054956946262
46	0.1972844346355925	0.9274748541363463	0.25619228474055483	0.9048625802892963
47	0.18955422070147562	0.9370037053803908	0.26254220603006334	0.9027484153844337
48	0.18928025219177302	0.9319745902348726	0.24907908848551816	0.9080338276465902
49	0.1819097218436498	0.933827421632376	0.2481713312624877	0.9101479925514527
50	0.18057444897544894	0.9359449443834809	0.24030665640599128	0.911205075003884
51	0.17299664278488552	0.9422975116270822	0.24204292260189136	0.911205075003884
52	0.17226895402038206	0.9425622026967018	0.2381308504693352	0.9133192399087466
53	0.1637712908586287	0.9422975121319389	0.2334438406765839	0.9143763223611779
54	0.16146233061781126	0.9483853893471875	0.2403408224373489	0.9133192399087466
55	0.15202475240175026	0.952620434312987	0.23474637154355865	0.9143763223611779
56	0.1482271793864908	0.9515616728427739	0.23109863726835675	0.9154334048136092
57	0.14781372546518587	0.951826363123555	0.22687676630866957	0.9143763223611779
58	0.14340316430483627	0.9536791953414505	0.2332696274836522	0.9143763223611779
59	0.14527414036276734	0.9486500791231118	0.23118125474037127	0.9143763223611779
60	0.13543850319167178	0.9550026468715698	0.22444939033677663	0.9207188170757656
61	0.1389247148503318	0.9523557442846343	0.22120719896058452	0.9260042293379221
62	0.13494955072679363	0.9544732662469007	0.22303808156015	0.9228329819806282
63	0.13012518964475145	0.9592376916164945	0.2228369986752627	0.9249471468854908
64	0.12974508890419678	0.9552673374678863	0.22572631475537322	0.9217758995281969
65	0.12685650426553255	0.9557967175561451	0.23313769225590325	0.9164904872660405
66	0.12741526686021926	0.9539438861586418	0.21581485032657236	0.9291754766952159
67	0.1267139438269566	0.9557967178085736	0.23105305699477993	0.9164904872660405
68	0.12101024133683261	0.9587083109918254	0.2231164860044927	0.9228329819806282
69	0.11040143058879341	0.9658549494248587	0.21323234810007552	0.9260042271956833
70	0.11575434980504787	0.9592376921529048	0.22112630397459418	0.9249471468854908
71	0.11265726671482659	0.9618845955286789	0.22549510703089373	0.9228329819806282
72	0.11337382106584742	0.9616199049639159	0.21672510139911927	0.9312896416000785
73	0.1069536712030496	0.9661196405260319	0.21611372959538191	0.9323467240525098
74	0.10484639746903616	0.965060878487855	0.21882259818955657	0.9302325591476472
75	0.10901885258419416	0.9655902596489344	0.23647199215142975	0.9154334048136092
76	0.10692173858257499	0.962149285588585	0.21363476936333275	0.9334038065049411
77	0.10304711876627376	0.9671784017753702	0.21665119888540554	0.9312896416000785
78	0.09558553551557898	0.9669137106741971	0.2178613223277237	0.9291754766952159
79	0.10146653955499604	0.9658549494248587	0.22132350641438622	0.9270613117903534
80	0.09496140314385397	0.9732662781386732	0.2147736010824903	0.9291754766952159
81	0.09783498425768317	0.9669137112106073	0.21730792933551252	0.9302325591476472
82	0.0974577679764726	0.9679724724599456	0.21816878045966207	0.9281183942427846
83	0.09336168099295342	0.9685018525482044	0.21255378952805135	0.9291754745529771
84	0.09034171174322253	0.969031233425302	0.2177382043344274	0.9291754766952159
85	0.08984273590853506	0.9679724719235353	0.20803372086228578	0.9302325570054084
86	0.09262721511880956	0.9703546849869747	0.2035528888599061	0.932346721910271
87	0.08894767393316144	0.9700899947061937	0.20719821511691014	0.9302325570054084
88	0.08271551501181404	0.973266278706637	0.2244380287526778	0.9302325591476472
89	0.0838464085720657	0.9732662789590653	0.2124820430359427	0.9302325591476472
90	0.0841759289262344	0.9722075169208884	0.22266506052420457	0.9302325591476472
91	0.07887082377546296	0.9759131815775542	0.21336487835040807	0.9291754766952159
92	0.07739191979580042	0.9730015878578921	0.20803106971573376	0.9270613096481146
93	0.07927510677060322	0.9751191106405506	0.22378509282183698	0.9249471468854908
94	0.08097684094677406	0.9724722072332229	0.2165675806885794	0.9291754766952159
95	0.07998722039514146	0.9748544208330727	0.22533927347518928	0.9281183942427846
96	0.07183646246033601	0.9782953948934221	0.20772054076320778	0.9291754745529771
97	0.07837253716286684	0.9745897302683098	0.21005087586840415	0.9281183921005459
98	0.07440279956262158	0.9769719430793209	0.20962551948132022	0.9270613096481146
99	0.07355676453349576	0.9751191111454073	0.2157484493818898	0.9291754766952159

The optimal condition:
	epoch: 76
	train_acc: 0.962149285588585
	val_acc: 0.933403806505
	using time: 310.698917866
