The number of train datas: 3618
The number of test datas: 906
epoch	train_loss	train_acc	val_loss	val_acc
0	0.7076979871940191	0.4900497514414748	0.6940178400107041	0.5165562914565173
1	0.6954332496528141	0.5185185184855696	0.6915346426153288	0.5298013246348888
2	0.6959717181125618	0.513819789840346	0.6893659341940553	0.5463576159598286
3	0.6946007519087256	0.5226644555167509	0.6873492811689313	0.5640176601099389
4	0.6902379335916918	0.5237700389260544	0.6852026575185342	0.584988962538195
5	0.6843622486323794	0.5544499725581138	0.6828518432234033	0.5916114790944864
6	0.6781631341093874	0.5826423437704757	0.6802465249897365	0.6136865342821244
7	0.6777360999103144	0.5784964070852584	0.6770324388613501	0.6225165563571795
8	0.6757434335382292	0.582089552172908	0.6732850087925825	0.6401766005072899
9	0.6711276167001824	0.5934217802525358	0.6684327509755856	0.6677704196892037
10	0.6669427250023373	0.6017136537877152	0.6621237647191315	0.6909492276362236
11	0.65323310945494	0.6417910449738131	0.653384067628031	0.7097130245457158
12	0.6505618622581099	0.631288004323486	0.6426220037552958	0.7152317883426254
13	0.6387124805242202	0.6539524598567112	0.6286879150283258	0.7273730686958263
14	0.6183752149030476	0.683803206125368	0.6116039155597981	0.7461368652105858
15	0.6010766273839095	0.7061912657939116	0.5910876031479825	0.7560706400450229
16	0.5756768459374896	0.7330016581770991	0.57179674802237	0.754966887285641
17	0.5511284211908934	0.7423991154016482	0.5450389848376478	0.7770419428680116
18	0.5248750248556311	0.7672747375887359	0.5244917212995736	0.7781456952326609
19	0.5024633328515301	0.7694859040119557	0.5033814432078902	0.7847682117889522
20	0.48238789872150517	0.7927031507144124	0.48681562744229046	0.7836644590295703
21	0.45901938714395907	0.800718629142736	0.47051086870513475	0.7902869755858617
22	0.4473941277376916	0.8048645658279533	0.45680062673476096	0.7947019866233893
23	0.4282601905699393	0.8214483138538317	0.44184605451609127	0.7991169976609169
24	0.4059545072058145	0.8336097291980151	0.4387890407054893	0.8024282562022178
25	0.3935603078819231	0.834438916330775	0.4222215331811252	0.8178807948335644
26	0.3689272336830679	0.8526810392811524	0.4008365295843836	0.8222958056079368
27	0.35770644546543584	0.8562741844676488	0.38963162162182874	0.8366445917430566
28	0.3449003681285135	0.8629076835396147	0.3861703756892392	0.8399558496264695
29	0.32775776339473484	0.8720287452289714	0.3656086941428532	0.8565121414119308
30	0.31259717379175145	0.8858485352011133	0.3640118607753686	0.8520971299796705
31	0.30099552015595304	0.8833609726825691	0.3431518692317651	0.8697571745245135
32	0.2890924211198154	0.891376450847301	0.3431663907916341	0.8653421630922532
33	0.2783717564320024	0.8980099500181136	0.3280862219812591	0.8719646796485446
34	0.2630418536081836	0.9016030956988442	0.3188631374051766	0.8818984544829817
35	0.2568995304170928	0.9054726365852778	0.3185367231600595	0.8807947017235997
36	0.24453691959447002	0.9085129903719003	0.31049224813252885	0.8885209710392731
37	0.240474535474598	0.9115533444550632	0.3078510450080004	0.8929359820768007
38	0.23214761506726955	0.9165284685366321	0.30070252917197104	0.8962472403549464
39	0.22289421085233252	0.9184632394576085	0.3042691326957138	0.8962472403549464
40	0.22098466536496608	0.9226091761757749	0.2935750521966164	0.9028697569112377
41	0.21047331312040127	0.9262023214611182	0.30588039025565644	0.8940397348361826
42	0.20713590391107922	0.9250967382989317	0.29159134442179935	0.9039735096706196
43	0.20999040728514204	0.926755113058686	0.2922249510061925	0.9061810151893834
44	0.20434212959755055	0.9267551130916348	0.28900859161191694	0.9061810151893834
45	0.1895189860896421	0.9328358206648798	0.29290294338009476	0.9072847679487653
46	0.1963219362037692	0.9278606962538214	0.2812743592867525	0.9039735096706196
47	0.18731117951995171	0.933388612558988	0.2871542493370721	0.9072847679487653
48	0.18845627370824333	0.935599778883361	0.29386041048609923	0.9061810151893834
49	0.17570529777645208	0.9320066335321198	0.2761470303761775	0.9061810151893834
50	0.17842219359740294	0.9391929240369085	0.27753244218710504	0.910596026226911
51	0.17685745840180706	0.9394693198027434	0.27998441523537204	0.911699778986293
52	0.17080399627972861	0.9386401327029323	0.2729653591088638	0.9094922734675291
53	0.17005915356611534	0.9444444441808528	0.279702044414895	0.9128035317456749
54	0.16573356699884234	0.9449972357784205	0.2750884564243931	0.910596026226911
55	0.1685898066794365	0.9411276948590381	0.28249983966482134	0.911699778986293
56	0.16453578973455676	0.9455500274089372	0.2779006456697224	0.9128035317456749
57	0.16688737090761455	0.9430624654505252	0.27394028846791246	0.9150110372644387
58	0.15806019638967225	0.9463792148052889	0.27403278553459554	0.9150110372644387
59	0.15149696217000386	0.9463792147723399	0.2830944031016453	0.910596026226911
60	0.15714871676637693	0.942233277790582	0.26952769687896794	0.9139072845050568
61	0.15610672192490516	0.9455500276725288	0.2675843722378181	0.9139072845050568
62	0.15412853046584485	0.9455500273759883	0.27647430474394996	0.9139072845050568
63	0.14553079168858482	0.9508015475858306	0.2736659538798511	0.9139072845050568
64	0.14468507556838842	0.9499723604201216	0.27648593574170244	0.9150110372644387
65	0.14155734472508058	0.9513543391504493	0.2684948058844139	0.9150110372644387
66	0.13838700828234618	0.9505251517540978	0.3021548225258623	0.9039735096706196
67	0.1428714500500261	0.9491431727601785	0.2755074644457162	0.9150110372644387
68	0.14451873838291965	0.9474847982640159	0.2796693081097887	0.9139072845050568
69	0.13782740347684583	0.9543946932665612	0.26961349704144544	0.9150110372644387
70	0.13970880565012667	0.9527363181443687	0.2803163592915398	0.9150110372644387
71	0.1356753777442814	0.9566058596238831	0.2802673608525173	0.9150110372644387
72	0.13263212421969725	0.9541182971712369	0.26584465627375553	0.9161147900238206
73	0.13098745950435392	0.9588170257176135	0.2793831056843267	0.9139072845050568
74	0.1317815043242219	0.9541182971382879	0.2706228730168037	0.9161147900238206
75	0.12944997700045555	0.9571586509249104	0.26992187423685005	0.9183222955425844
76	0.12048981068969893	0.9599226091763405	0.2663976147474832	0.9183222955425844
77	0.11852544476110807	0.9613045879066683	0.27069454207588767	0.9150110372644387
78	0.1206867725744374	0.9571586512214508	0.27326584612296906	0.9172185427832025
79	0.11879189481321391	0.9585406299188296	0.26171025285131355	0.9183222955425844
80	0.11719099588325631	0.9604754008068572	0.2645077842223986	0.9183222955425844
81	0.11938067333285751	0.9624101713983442	0.27937818955111976	0.9139072845050568
82	0.11832059702371088	0.961857379504236	0.27065351736992926	0.9216335538207301
83	0.11222586102861934	0.9615809839690437	0.276729907026354	0.9128035317456749
84	0.11451495726705586	0.9632393584981552	0.2703499761111952	0.9205298010613482
85	0.10872398446802609	0.9643449419568823	0.2675162527471715	0.9183222955425844
86	0.10958790919970517	0.9615809840019927	0.2814265465236394	0.9205298010613482
87	0.10851612274013481	0.9626865671641791	0.2704563309288446	0.9205298010613482
88	0.1105437107165918	0.9615809837384011	0.2788909933556521	0.9194260483019663
89	0.11124266917169127	0.9629629626993714	0.26424845730758395	0.9205298010613482
90	0.1080845180114308	0.9632393587617468	0.27345856241306193	0.9194260483019663
91	0.10786943814128785	0.9660033167495854	0.2821463943843547	0.9161147900238206
92	0.10264575673136479	0.9673852957435047	0.26565057341889303	0.922737306580112
93	0.10637607888795843	0.9654505249213751	0.2681094710663718	0.922737306580112
94	0.09987054651962451	0.9682144831728052	0.27111195491639195	0.9205298010613482
95	0.09473169644014687	0.9684908786750486	0.2828498361652787	0.9183222955425844
96	0.10065779368346274	0.9660033167495854	0.28099014111702014	0.9183222955425844
97	0.09253092038698985	0.9684908789386402	0.2777028279851867	0.9194260483019663
98	0.09019025752496956	0.9718076285569954	0.28103450657779283	0.9194260483019663
99	0.09679350324568167	0.9684908789386402	0.3059227636318333	0.9094922734675291

The optimal condition:
	epoch: 93
	train_acc: 0.9654505249213751
	val_acc: 0.92273730658
	using time: 329.899673939
