The number of train datas: 3680
The number of test datas: 920
epoch	train_loss	train_acc	val_loss	val_acc
0	0.7141115131585495	0.47880434782608694	0.694898493911909	0.5065217386121336
1	0.6991564009500586	0.5059782611287158	0.6923171064128046	0.5260869565217391
2	0.6987391559974007	0.503804347826087	0.6902694800625677	0.5358695657356926
3	0.6934318972670513	0.5217391309530839	0.6882409598516381	0.5489130439965622
4	0.692151916027069	0.5317934787791708	0.6866179201913917	0.5586956526922143
5	0.6894049603006114	0.5375000002591507	0.6851287307946579	0.5793478266052577
6	0.685463587615801	0.5440217386121335	0.683355476545251	0.5793478255686553
7	0.6866395224695621	0.5445652179096057	0.6815260425857875	0.5836956521739131
8	0.6828589646712594	0.5551630434782608	0.6792949961579364	0.5945652173913043
9	0.6814810110175091	0.5633152179096056	0.6772090295086737	0.6043478255686553
10	0.677609630253004	0.5807065217391304	0.6745919802914495	0.61086956469909
11	0.6784957455552143	0.575271739648736	0.6719685824021049	0.6228260864382205
12	0.6751319786776667	0.5801630429599596	0.6692902710126793	0.6380434777425683
13	0.6713459942651832	0.5883152168730031	0.6656847015671108	0.6532608695652173
14	0.661692810576895	0.6187499994816987	0.6607466288234877	0.6630434782608695
15	0.6603797337283259	0.6057065217391304	0.6563420534133911	0.6739130434782609
16	0.6580198293146879	0.618478260351264	0.6523235792699067	0.6728260869565217
17	0.6466919354770495	0.6342391304347826	0.6468721591907999	0.6760869565217391
18	0.6437786781269571	0.6418478260869566	0.639968322670978	0.6739130429599596
19	0.6370679901993793	0.6483695652173913	0.6322096467018128	0.6847826086956522
20	0.6258197416429935	0.6592391309530838	0.6241563843644183	0.6826086956521739
21	0.617883702983027	0.6722826092139534	0.6156887137371561	0.6913043473077857
22	0.6071264375811037	0.6883152168730031	0.6103144640507905	0.6956521733947422
23	0.592428836096888	0.6991847826086957	0.5970912321754124	0.6999999994816988
24	0.5851265207580898	0.6929347831269969	0.587123163368391	0.7010869560034378
25	0.5739393861397453	0.7154891299164814	0.5765962740649347	0.7065217386121335
26	0.5603585766709369	0.7179347826086957	0.5712989006353462	0.7108695657356926
27	0.5498749276866084	0.7323369570400404	0.5585290533045064	0.7141304347826087
28	0.5319385720335918	0.7540760869565217	0.5449587995591371	0.7217391304347827
29	0.5246797473534294	0.745923912525177	0.5317621334739353	0.7326086956521739
30	0.5049340038195901	0.768478260351264	0.5183083964430768	0.7478260869565218
31	0.4896810381308846	0.7752717396487361	0.5068744706070941	0.7565217386121336
32	0.4809866736764493	0.7796195657356926	0.49519702973573104	0.7652173913043478
33	0.4692414612873741	0.7904891299164813	0.48450318652650587	0.7695652173913043
34	0.45045958679655324	0.8059782608695653	0.4722041713154834	0.7793478260869565
35	0.43879821922468104	0.81086956469909	0.46244539359341497	0.7869565222574317
36	0.4302669538104016	0.8125000005183013	0.454876149478166	0.7869565212208292
37	0.4112843111805294	0.8320652173913043	0.4366521690202796	0.7945652168730031
38	0.40648833383684574	0.8301630434782609	0.4326525076575901	0.8021739135617795
39	0.39106192770211595	0.8331521744313447	0.4182930005633313	0.8130434787791708
40	0.3753787157328232	0.8432065222574316	0.4184545115284298	0.8108695657356926
41	0.36931014423785	0.8505434787791708	0.4035296328689741	0.822826087474823
42	0.3603763100893601	0.8551630439965622	0.4048884762370068	0.8206521744313447
43	0.35170076282128043	0.8616847826086956	0.39862136866735376	0.8271739135617795
44	0.345645249667375	0.8586956521739131	0.3823920042618461	0.8336956526922144
45	0.33729040026664736	0.8703804342643074	0.3740258095057114	0.8380434787791708
46	0.3361550507338151	0.8687500005183013	0.3727242166581361	0.8402173918226491
47	0.32757669479950613	0.87336956469909	0.3628773722959601	0.8489130439965621
48	0.3231881553712099	0.8752717386121335	0.3591562014559041	0.8510869560034379
49	0.3144779897254446	0.8798913038295249	0.3526870398417763	0.8543478255686553
50	0.3038650377936985	0.8853260869565217	0.3512488207091456	0.8510869560034379
51	0.303803646305333	0.8855978266052578	0.3464169504849807	0.8597826081773509
52	0.2953535002210866	0.8923913043478261	0.3409891182961671	0.8619565212208292
53	0.28935883744903235	0.8923913038295248	0.33302892835243886	0.8706521733947422
54	0.2869328268196272	0.8989130429599597	0.33344644178514893	0.8641304342643075
55	0.2851682976536129	0.8904891304347826	0.3296937457893206	0.8663043473077857
56	0.2691943366890368	0.9019021744313447	0.32174148637315503	0.8706521733947422
57	0.2682443266329558	0.904076087474823	0.31914798150891843	0.8728260864382205
58	0.26298880421597026	0.9035326081773509	0.3132841584475144	0.877173912525177
59	0.25741150975227356	0.9076086951338727	0.3182271983312524	0.8749999994816987
60	0.2554422474425772	0.9084239135617795	0.3188431187816288	0.8728260864382205
61	0.2506778058798417	0.9127717386121336	0.31290023093638214	0.8782608690469161
62	0.23916419809279235	0.9119565212208292	0.3043917160967122	0.8815217386121336
63	0.2389260514922764	0.9119565212208292	0.29893888053686724	0.8815217386121336
64	0.2386847470117652	0.9092391309530838	0.29818119691765826	0.8826086951338726
65	0.24533982613812322	0.9092391299164814	0.2945015629996424	0.8869565212208291
66	0.23893054982890252	0.917934783126997	0.29543393202449963	0.8858695646990901
67	0.22727652839992357	0.9230978255686553	0.2894011018068894	0.8880434787791708
68	0.22551087944403939	0.9209239135617795	0.29336395095223966	0.8934782613878665
69	0.21721672571223716	0.9258152179096056	0.28443051421124005	0.8891304342643075
70	0.22290281640446705	0.9236413038295248	0.2861207744349604	0.8945652179096056
71	0.2129397687704667	0.9298913038295248	0.2838736098745595	0.8934782613878665
72	0.21368021977984386	0.9271739135617795	0.2802298006804093	0.8934782613878665
73	0.2099848212107368	0.9269021739130435	0.2789477001065793	0.897826087474823
74	0.20729049781094427	0.9307065212208292	0.27636745805325713	0.9021739135617796
75	0.202777243697125	0.9301630434782608	0.2746146384788596	0.9010869570400404
76	0.1938440398029659	0.9307065222574317	0.2726842662562495	0.9021739135617796
77	0.19952943882216578	0.9339673913043478	0.27260574802108434	0.8945652179096056
78	0.20431151195712713	0.9342391299164814	0.2684481688167738	0.9054347831269969
79	0.1931525540092717	0.9353260864382205	0.2740624408359113	0.9054347831269969
80	0.19654672404994136	0.9336956526922143	0.266402827915938	0.9010869565217391
81	0.18959147178608438	0.93913043530091	0.26596356163854185	0.9043478266052578
82	0.18608894555465036	0.9336956526922143	0.2650981690572656	0.9065217396487361
83	0.18517979189105657	0.9385869560034379	0.26325534413690155	0.9021739130434783
84	0.1848526094270789	0.9404891299164814	0.27017511634723	0.9086956526922143
85	0.1777470783047054	0.9404891299164814	0.2610711702834005	0.9032608695652173
86	0.17886373322942983	0.9377717386121335	0.2727500500886337	0.9021739135617796
87	0.17390458797631056	0.9442934787791708	0.26666530850140946	0.9076086961704751
88	0.1715898880492086	0.9445652168730031	0.26034343605456145	0.9076086961704751
89	0.1660711407661438	0.9451086956521739	0.26720848031665967	0.9076086961704751
90	0.16920718356319095	0.9442934782608695	0.25820877150349	0.9054347831269969
91	0.16387708109358082	0.9478260864382205	0.2597560375928879	0.9076086961704751
92	0.16326622496480528	0.9494565212208291	0.2586177689873654	0.9065217396487361
93	0.16556544783322708	0.9448369560034379	0.25910439504229504	0.9086956526922143
94	0.16198392322529917	0.9483695657356925	0.26214201048664426	0.9086956526922143
95	0.15683904614137567	0.95	0.2581539467624996	0.9054347826086957
96	0.15433284484821816	0.9461956526922143	0.2622245603281519	0.9086956526922143
97	0.14964045234348464	0.9519021739130434	0.26185162533884465	0.9065217396487361
98	0.15149790398452592	0.9510869570400404	0.2581861225159272	0.9010869565217391
99	0.15265123908934386	0.9519021739130434	0.25732408295507014	0.9054347826086957

The optimal condition:
	epoch: 96
	train_acc: 0.9461956526922143
	val_acc: 0.908695652692
	using time: 340.255712032
