The number of train datas: 20690
The number of test datas: 5174
epoch	train_loss	train_acc	val_loss	val_acc
0	0.7054967638834367	0.5012566456822395	0.6890400074189079	0.5411673754303898
1	0.6875501704423425	0.5423392944488046	0.6788675458356594	0.5890993430064275
2	0.6752891486021791	0.576655389180559	0.6597877621742856	0.6482412062835915
3	0.6551213605902863	0.6174480424519608	0.6297235657544867	0.7019713953004917
4	0.6248364512271614	0.6649105848869649	0.5855548053484513	0.7431387710304024
5	0.5793035564358077	0.7092798452667708	0.5309802105770546	0.7686509469968267
6	0.5264041991525367	0.7499275012371216	0.4676796504439283	0.8030537302585288
7	0.46831819782688056	0.7946834220178696	0.4133198923086816	0.833591032267815
8	0.41799004334306417	0.823779603655987	0.36708984911372683	0.8490529569318777
9	0.3759206392846861	0.8457709038470781	0.3314825997165515	0.8691534594444404
10	0.3413301791817512	0.8645239245897333	0.2979018345941758	0.8842288363288626
11	0.3105382467220808	0.8808119863631819	0.27798069454225555	0.8969849243466348
12	0.2890974951156272	0.8913968100474041	0.2501661634878344	0.9072284496655371
13	0.2666320664070838	0.9018849686241888	0.23068675172457972	0.9165056046713352
14	0.25060675612332567	0.9084098597838143	0.21980570072389544	0.920564359986372
15	0.23210591068441824	0.9192846785310733	0.1999927851330787	0.9288751446790662
16	0.21939974381561841	0.9229096182133623	0.19036466082551556	0.9325473518688613
17	0.21032281295005223	0.9265828903715873	0.18489064623835375	0.9385388483169874
18	0.20006276176366442	0.9316094731178303	0.17494249328032027	0.9433706998825073
19	0.1901636870098091	0.9371193812917891	0.17514289649448941	0.937572477497002
20	0.18252051956357443	0.939487675153558	0.1642842601868099	0.9458832626965776
21	0.17204069002288847	0.9416143063245158	0.15744202129562987	0.9478160033227856
22	0.1698755175984384	0.9446592557654974	0.15710622844925984	0.9499420178964141
23	0.164322945040571	0.9485741903322108	0.14905737114945664	0.9532276769609677
24	0.15787323067705664	0.950169163795414	0.1451962546268669	0.9541940472740716
25	0.15437222291243255	0.9508941518044691	0.14225730020876876	0.9551604175871756
26	0.15035017092643355	0.953117447944584	0.14004000870472777	0.9555469657124172
27	0.14350042898566207	0.9543740938572909	0.13671124880038313	0.9561267879002796
28	0.1375218885598291	0.9576123730752594	0.13544291187586083	0.9578662544638668
29	0.13758288611819514	0.9579990334416312	0.13191067207652166	0.9588326247769707
30	0.1311569567677939	0.960512324696638	0.13617991983377892	0.9576729804012459
31	0.13060217403332758	0.9600289995166748	0.1288715977096447	0.9592191729022123
32	0.12790578887795642	0.9612856452795778	0.13159157681647166	0.9582528027043087
33	0.12392346269845847	0.9619139681466251	0.1274263033672885	0.9586393507143499
34	0.1201074498237879	0.9647655873323997	0.12520130288257625	0.9590258988395916
35	0.11913336715501192	0.964040599225396	0.13158927915763985	0.9590258988395916
36	0.11646346243223515	0.9646689222307238	0.12415272070891985	0.961345187591041
37	0.11689156928590785	0.965490575059132	0.12311182608291547	0.9607653654031787
38	0.11435956174247561	0.9662638956881653	0.12312180526730265	0.9590258988395916
39	0.11243625741223312	0.9663605607034159	0.1215349722511067	0.9596057210274539
40	0.11023961654488391	0.9675205413185496	0.12181913292530101	0.961345187591041
41	0.10605346356586537	0.9684871917821867	0.12343070910797876	0.9594124469648331
42	0.1041493127913853	0.9686321894635089	0.12028150948770358	0.961345187591041
43	0.10587782748889785	0.9696471726393112	0.12029239761700351	0.9605720913405579
44	0.10309275349106058	0.9696471724491755	0.12184259141815137	0.9609586394657995
45	0.1010098076535775	0.9702754955005969	0.11934283838845332	0.961345187591041
46	0.09844187819450705	0.970952150699538	0.11929923044550036	0.961345187591041
47	0.0966570059596455	0.9719188014454978	0.11982899442585822	0.9605720913405579
48	0.09639855254641358	0.971532141079126	0.11937723010432826	0.9609586394657995
49	0.0956335273081119	0.9728854519552284	0.12472748297191422	0.9592191729022123
50	0.09584165384057583	0.972788786899646	0.11943127248604693	0.9615384616536619
51	0.09319367054264692	0.972692121890157	0.11958817671372432	0.961345187591041
52	0.09316315901429253	0.9740454324781751	0.11936238798329762	0.9615384616536619
53	0.09149267438703715	0.9733204447053492	0.11843785403528911	0.9611519135284202
54	0.09093866468253718	0.974045432570362	0.121709624493288	0.9609586394657995
55	0.08804387399767435	0.9747220880112941	0.1185315569000881	0.9609586394657995
56	0.08920588858638079	0.9737071047836366	0.11863224014242413	0.9619250097789035
57	0.08727718481785897	0.9744804253262446	0.11861698711625757	0.9617317357162827
58	0.0858120205121204	0.9750120831261861	0.1183991171635621	0.961345187591041
59	0.08715233064291268	0.9749637506502501	0.1191127865579214	0.9619250097789035
60	0.08241589544471506	0.9769937167713871	0.11858374486052027	0.961345187591041
61	0.08402160159080371	0.9767520541785246	0.12305761823033937	0.9628913802072078
62	0.08167587276629171	0.9762687288026639	0.1213274525732643	0.9596057210274539
63	0.08080904991831855	0.9776220395347242	0.11934807201668153	0.9609586394657995
64	0.0808849474931034	0.9751570807614149	0.12312237756088475	0.9601855432153162
65	0.07872984850605425	0.9764620589656839	0.12214536419851835	0.9603788172779371
66	0.0768028224851268	0.9772353794564367	0.12032866475950303	0.9619250097789035
67	0.07656529888604331	0.9784436926973102	0.12052752913501809	0.9615384616536619
68	0.07778144134069019	0.9780570323827936	0.12264680450009617	0.9625048320819661
69	0.07313657676060169	0.9788303528735464	0.1252940545671457	0.9597989950900747
70	0.07424947848105097	0.9793136781975519	0.11958006008088612	0.9619250097789035
71	0.07251219529930436	0.9788303528274529	0.12129597974113852	0.9625048319667658
72	0.0725992751811483	0.9788786854013376	0.12344158491948465	0.962311557904145
73	0.07205132626576836	0.9800869985961177	0.1226141345134609	0.961345187591041
74	0.07105926929600807	0.9790720155125023	0.12130392257125626	0.962311557904145
75	0.07208183773362505	0.979797003475464	0.11989499871040524	0.9625048319667658
76	0.07052598287693079	0.9801353311239088	0.12566500026365482	0.9615384617688622
77	0.06933644348768983	0.9801353311239088	0.12190330278806627	0.9626981060293867
78	0.06846252046903589	0.9794103432531343	0.12342594528680932	0.9597989950900747
79	0.06870879103893701	0.9802803287072824	0.12215910343490008	0.963277928217249
80	0.06720071548119785	0.9808119865590792	0.12405431480695946	0.9617317357162827
81	0.06465715903657367	0.9803769936649163	0.1252410789562161	0.9605720913405579
82	0.06323156582813669	0.981633639341394	0.12733682651385222	0.9626981060293867
83	0.0615995433447102	0.9819236346060899	0.13166907841680267	0.9590258988395916
84	0.06276582220777213	0.9821169647172547	0.12730914149267775	0.9626981060293867
85	0.06239997929654414	0.9822619623467218	0.1267116237179764	0.9638577504051115
86	0.06216920082654971	0.9817786370688097	0.1243369222107798	0.9628913800920075
87	0.05924437341157396	0.9830836153191723	0.12726547883389353	0.962311557904145
88	0.06024312183491385	0.982890285161914	0.13039804816643474	0.9599922691526955
89	0.06091238895423059	0.983180280276806	0.12905939351904103	0.9638577504051115
90	0.05871237818819708	0.9821652973372329	0.12775487976186883	0.9630846541546282
91	0.058290128298770005	0.9830352827452876	0.13136088883682112	0.9607653654031787
92	0.056545048152668684	0.9838086030919981	0.13082089057105087	0.9621182838415242
93	0.05661163634943352	0.9836636056526668	0.13036414552775183	0.9628913800920075
94	0.05519620831956778	0.9839052682455293	0.1285072955939016	0.9621182838415242
95	0.056749099840528436	0.9830352827452876	0.1314724210720289	0.9636644763424906
96	0.05577491913125848	0.9834702754954084	0.13071726941387304	0.9609586394657995
97	0.05552143385951619	0.9838569357638315	0.13491273156299202	0.9563200619629003
98	0.05444923389528384	0.9847269212640732	0.12806112962480812	0.9648241207182154
99	0.05393632940584303	0.984920251375238	0.1286328435692955	0.964244298530353

The optimal condition:
	epoch: 98
	train_acc: 0.9847269212640732
	val_acc: 0.964824120718
	using time: 1657.31735587
