The number of train datas: 3060
The number of test datas: 766
epoch	train_loss	train_acc	val_loss	val_acc
0	0.7212798225334267	0.49477124190797994	0.6924503747539171	0.5104438674979048
1	0.705094411092646	0.5107843132580028	0.6813403159457772	0.5783289849913774
2	0.6912859650219187	0.5418300648140751	0.6717545495954569	0.63968668251685
3	0.6730986185323179	0.5826797391074935	0.6605969454227477	0.6684073082149495
4	0.6668780149977191	0.5993464047612708	0.6485293471782076	0.7140992187333169
5	0.6571972924899432	0.6209150321343366	0.6347242989054548	0.7519582215861925
6	0.6454085575988869	0.6532679746353548	0.6180432009323459	0.7885117509035156
7	0.6289474452243132	0.6689542491451588	0.5953551403224935	0.8054830299656323
8	0.5995838730163824	0.7098039204778235	0.5646296001912409	0.8368146224993016
9	0.5665378840141047	0.7611111122019151	0.5265373145631337	0.8498694529421336
10	0.5344661266975154	0.7774509793013529	0.48579222975449526	0.8537858973595244
11	0.5034234555718167	0.7957516332077824	0.4448138308898587	0.8668407320042503
12	0.4687358238338645	0.8042483659351574	0.4078962701730255	0.868146215032971
13	0.4310201542050231	0.8267973846859402	0.3768367477870174	0.8694516980616915
14	0.4172959105641234	0.8303921577977199	0.35315838323872023	0.8746736303321998
15	0.3818747735880559	0.8437908495173735	0.33613060519838456	0.8707571818685407
16	0.3623834867493	0.8526143789291382	0.31657194126368193	0.8825065236801267
17	0.34196648227623083	0.855882352473689	0.3040923419415795	0.8864229775906854
18	0.34110090214442584	0.8614379080292446	0.29269911134834387	0.889033943492501
19	0.32149733086816623	0.8745098041553123	0.2825866287121885	0.8903394266768473
20	0.3128793015199549	0.8686274511362213	0.27297026844933514	0.8955613586361041
21	0.2964254817931481	0.8735294115309622	0.26354141739578846	0.9046997347015002
22	0.2950038972633337	0.8767973865558899	0.25524855185270934	0.9073107007589415
23	0.2766514716584698	0.887908497667001	0.2456746616500476	0.907310705738964
24	0.2712004254456439	0.8898692805003496	0.23699183637572954	0.9086161887676847
25	0.25814861402012945	0.9026143781499925	0.23032348569939715	0.9060052231771205
26	0.24576211589224198	0.9081699336276335	0.220090826715564	0.9138381160581703
27	0.2453532831146826	0.9045751626974617	0.21468343225845157	0.9151435993981424
28	0.2360896501665801	0.9098039224256877	0.20245874589479312	0.9203655310461477
29	0.22235462718150195	0.9153594772020975	0.19473804233902117	0.920365536181796
30	0.22186060279023415	0.9140522881271014	0.18677481763823536	0.9255874679854271
31	0.21112668272716548	0.9209150316668492	0.178068302980291	0.9308094001003097
32	0.21479279993016737	0.9228758160584892	0.1711594047263148	0.9308094001003097
33	0.19940918224309784	0.9297385618577596	0.16349069859744986	0.9347258491864715
34	0.19302694542345658	0.9303921557719411	0.15567138312535247	0.9386422982726333
35	0.18459119235768037	0.938562090412464	0.1492309400291418	0.9438642303875159
36	0.17860626457563414	0.9408496726572124	0.14180925223908286	0.945169708436214
37	0.17856443777583003	0.9375816998138926	0.13621499130682285	0.945169708436214
38	0.16685214358217576	0.9454248359000761	0.13070982305561593	0.9503916453754933
39	0.15983969310140297	0.9483660138510411	0.12739395974665957	0.9516971235798171
40	0.15780123361185486	0.9486928109250038	0.12022462265454135	0.9543080894816326
41	0.1525655783469381	0.9526143783837362	0.11551445547501038	0.9543080894816326
42	0.15095572335268156	0.9513071888412525	0.11149836185706813	0.958224543547817
43	0.14989135277037527	0.951633986304788	0.11108942835667114	0.9582245437034428
44	0.14781954742335027	0.9545751626974617	0.10651078579008735	0.9569190603634707
45	0.14047182912335676	0.956535948491564	0.10193424323675838	0.959530026420912
46	0.14007999000985638	0.9562091507942848	0.09828677096503832	0.9595300215965151
47	0.13804466975670235	0.9562091496255662	0.09514518436190354	0.9660574367401182
48	0.1384243957941828	0.9594771238713483	0.09268151147791985	0.9673629197688389
49	0.12731316730477452	0.9643790853568931	0.09030529467617562	0.9621409924783533
50	0.1257607959649142	0.960130719032163	0.09026046558319745	0.9699738908063027
51	0.12420033573909522	0.9620915040471195	0.08534373644515678	0.9725848518837215
52	0.13099730903027104	0.9591503264857274	0.08376909368343204	0.9725848567081182
53	0.11731164420352262	0.9663398689693875	0.0815677206486697	0.9738903347568163
54	0.11890548607882331	0.9650326786477581	0.07906490406775288	0.9751958227655595
55	0.11683714767686681	0.9653594779033287	0.07802356507230365	0.9751958227655595
56	0.1175327270151743	0.9660130708046208	0.07590584052293792	0.9765013008142576
57	0.117047365564926	0.9656862752889496	0.07531233433410331	0.9804177499004195
58	0.12187083640129738	0.9656862741981457	0.07301799968546427	0.9765013008142576
59	0.11410291865468025	0.9683006539843441	0.07124854633998	0.9804177499004195
60	0.1147208635810933	0.9673202611262502	0.06982405452597545	0.9804177499004195
61	0.10713146833422917	0.9696078424360238	0.06878389871385017	0.9830287159578607
62	0.11190257139650045	0.972875816292233	0.06818185276874675	0.9830287159578607
63	0.10639866251571506	0.971895424524943	0.06646803426057801	0.9791122668716988
64	0.10943473982655146	0.9715686267497493	0.0658086534813241	0.9830287159578607
65	0.10189209673431963	0.9748366013071895	0.06488533650692699	0.9830287159578607
66	0.10549809636633381	0.972222222611795	0.06484117349196351	0.9830287159578607
67	0.11199419735109105	0.9702614386876424	0.06624459576435562	0.9843342038109781
68	0.10359912686098635	0.9715686267497493	0.06379652161433243	0.9778067838429783
69	0.09826532418237013	0.9728758177726098	0.06204588034289935	0.9843341989865814
70	0.10376452496336176	0.972222223001368	0.06075967717964406	0.9817232329291401
71	0.10181915274048163	0.9705882342033136	0.06052569124857377	0.9817232329291401
72	0.09524626817578584	0.976470587534063	0.059048939330926455	0.9843341989865814
73	0.09873988571899389	0.9745098036099104	0.058785815132349026	0.9830287159578607
74	0.09120264168268714	0.9754901968575771	0.05822210482688859	0.9843341989865814
75	0.09636757930898979	0.9748366020863353	0.058008841800627445	0.9843341989865814
76	0.0957729798857293	0.9748366002163856	0.05703896420275885	0.9843341989865814
77	0.08911234762738733	0.9781045740725948	0.055788292868096896	0.9843341989865814
78	0.09350873266949374	0.9751633986928104	0.05557681613312378	0.9843341989865814
79	0.09024447958453807	0.9758169923732484	0.05568854629448749	0.9843341989865814
80	0.08846272257418414	0.9748366016967623	0.056059524514189586	0.9856396820153019
81	0.09334967084764655	0.9774509811713026	0.05558944974999204	0.9843341989865814
82	0.0867816710686372	0.9764705890144398	0.05409024724877846	0.9843341989865814
83	0.0892295810229638	0.9745098047007144	0.05453575548397343	0.9843341989865814
84	0.08389129431224336	0.9787581688438366	0.05260628626217419	0.9843341989865814
85	0.08246155381202698	0.9781045740725948	0.052593222525038855	0.9843341989865814
86	0.08500568439173542	0.9771241823053048	0.05321549468578931	0.9843341989865814
87	0.08754760418452469	0.9767973864000608	0.05346847409212247	0.9843341989865814
88	0.08225804569771866	0.9813725494091807	0.05101937903747857	0.9843341989865814
89	0.08538487767861559	0.9781045752413132	0.05047582655016809	0.9843341989865814
90	0.08451252979001189	0.9771241833961087	0.05057641821998529	0.9843341989865814
91	0.08005621030050165	0.9797385625589907	0.049824100902046295	0.9843341989865814
92	0.08121311156675706	0.9777777766869739	0.04933776018786057	0.9843341989865814
93	0.08156233739375679	0.9787581699346405	0.04910505280949117	0.9856396820153019
94	0.07801485976654719	0.9790849680994071	0.04881155822552526	0.9856396820153019
95	0.08125763208258385	0.9803921569406596	0.048682259488121334	0.9843341989865814
96	0.07446345601693477	0.979738562870649	0.04882018355647827	0.9843341989865814
97	0.08286558713983087	0.9797385624810762	0.04740829532358105	0.9843341989865814
98	0.07950953037715426	0.979738562870649	0.048006861195863074	0.9843341989865814
99	0.07848194137799974	0.9794117650954552	0.04787622614916871	0.9856396820153019

The optimal condition:
	epoch: 99
	train_acc: 0.9794117650954552
	val_acc: 0.985639682015
	using time: 202.135751009
