The number of train datas: 6032
The number of test datas: 1508
epoch	train_loss	train_acc	val_loss	val_acc
0	0.7058876839809772	0.4965185676392573	0.6880797071861652	0.541777189119425
1	0.6898725826480977	0.5386273209549072	0.682496821532515	0.5775862084775768
2	0.6831105436823413	0.5621684350132626	0.6770268495266254	0.6041114055193387
3	0.679082556333719	0.5659814323607427	0.6715527491480981	0.6233421743548517
4	0.6683915037691435	0.5895225464190982	0.6628726442549526	0.6618037124211339
5	0.663411897911001	0.6085875331564987	0.654338746393391	0.6750663118906299
6	0.6457431471316188	0.6347811671087533	0.6405106436668719	0.7009283832276848
7	0.6362120736815253	0.6422413793103449	0.62637682682007	0.6976127335184132
8	0.616211278369003	0.6737400530503979	0.6079838841916395	0.7347480099776695
9	0.5956985115688739	0.6959549071618037	0.5915006686901224	0.7141909796932332
10	0.5733597372665962	0.7140251989389921	0.5666234186536754	0.7427055709241872
11	0.5532699368044299	0.7291114058355438	0.552370318604401	0.7214854095595585
12	0.5339582549798394	0.7471816976127321	0.5195260182299728	0.7732095485973105
13	0.5071118940409045	0.7693965517241379	0.4917909390730314	0.7864721486992166
14	0.47258046340562937	0.7896220159151194	0.4597762231801486	0.8149867362938129
15	0.44984412082626585	0.7974137931034483	0.4307611016284882	0.8242705567129727
16	0.41424974285323046	0.8250994694960212	0.3919112405663144	0.8561007960721732
17	0.37819453006714027	0.8438328912466844	0.3588183110367398	0.8779840866197641
18	0.3408240813475389	0.870026525198939	0.31886854672937875	0.8998673757444327
19	0.3084905102493276	0.8872679045092838	0.2855189537496086	0.9071618048202454
20	0.27700791371595956	0.8980437665782494	0.2595219848089572	0.9204244023925113
21	0.2539495587032733	0.9156167108753316	0.24217293342323454	0.9290450914152737
22	0.2299797629013618	0.9268899204244032	0.21652666651285613	0.9356763917824318
23	0.21026361170434826	0.9340185676392573	0.21209393354720715	0.9416445642314476
24	0.1933260362407573	0.9416445623342176	0.1924685150068698	0.9456233407521437
25	0.17855876881816976	0.9466180371352785	0.18681570203772274	0.9476127339927208
26	0.1686252657551348	0.9482758620689655	0.17437349168944422	0.9515915138335695
27	0.16309297709313247	0.952420424403183	0.17996519776332917	0.9515915138335695
28	0.15389247108201448	0.955238726790451	0.18283559061804247	0.95026525388662
29	0.14740844169725473	0.9582228116710876	0.1632663881707571	0.9555702936744184
30	0.1385966237407148	0.9628647214854111	0.16716682640168648	0.9575596835948428
31	0.1334526566022745	0.9608753315649867	0.15822691990146587	0.9588859435417924
32	0.13291268273002274	0.9617042440318302	0.15602678491360944	0.9595490735152672
33	0.12420758391564973	0.9646883289124668	0.15856024711849834	0.960212203488742
34	0.1225885460820217	0.96684350132626	0.1657078165353451	0.9562334236478932
35	0.11513302659008168	0.96684350132626	0.15268076134139094	0.960212203488742
36	0.112785572042832	0.9698275862068966	0.1489840283080817	0.9582228135683176
37	0.11684319570621066	0.9698275862068966	0.14853543347483922	0.9595490735152672
38	0.1102596034421845	0.9713196286472149	0.15231095483669868	0.9595490735152672
39	0.10879960523755228	0.9728116710875332	0.14613105131397197	0.9588859435417924
40	0.10218894633832598	0.9713196286472149	0.15003389712986326	0.9588859435417924
41	0.10407124768043387	0.9724801061007957	0.14727732485817346	0.9588859435417924
42	0.09727789842046856	0.9741379310344828	0.14607507911379836	0.960212203488742
43	0.09708082250045212	0.9759615384615384	0.15378552021098074	0.9595490735152672
44	0.09730188873663188	0.973972148541114	0.14961866097677923	0.9608753334622168
45	0.09764654517410921	0.9743037135278515	0.15149878466437602	0.9595490735152672
46	0.09465133730786549	0.9741379310344828	0.1419288707348649	0.9608753334622168
47	0.09086120622701924	0.975132625994695	0.14626664081366056	0.9615384634356916
48	0.09119006710754465	0.9754641909814323	0.1468940623480066	0.9622015934091664
49	0.08749536755902382	0.9776193633952255	0.1477394392738608	0.9615384634356916
50	0.08989258203902517	0.9777851458885941	0.14729535736795762	0.9608753334622168
51	0.08809491844763806	0.9774535809018567	0.14568146758907985	0.9615384634356916
52	0.08826467141864787	0.9766246684350133	0.1392364068357002	0.960212203488742
53	0.08124665661025743	0.9786140583554377	0.13842957097276137	0.9608753334622168
54	0.08471127360347727	0.9779509283819628	0.1419998069419785	0.9615384634356916
55	0.07966757644788024	0.9779509283819628	0.14593090300771855	0.9608753334622168
56	0.07772056034096672	0.9779509283819628	0.14510971971785042	0.960212203488742
57	0.0765340154303796	0.9792771883289124	0.14575328003980753	0.9608753334622168
58	0.07498021848717167	0.9799403183023873	0.14902241925266757	0.9615384634356916
59	0.07257072927939165	0.9797745358090185	0.1404938094851509	0.9615384634356916
60	0.07512105686160234	0.9796087533156499	0.14279939101845895	0.9608753334622168
61	0.07272050433868754	0.9819297082228117	0.13852823428829406	0.9608753334622168
62	0.07446879920221133	0.9802718832891246	0.13918604081205094	0.9615384634356916
63	0.06501562946256181	0.9827586206896551	0.14396170356782742	0.960212203488742
64	0.06908338554499953	0.9819297082228117	0.1449224024971537	0.960212203488742
65	0.06896427083039157	0.9812665782493368	0.13879615916260357	0.9615384634356916
66	0.0664607741047359	0.9824270557029178	0.14290394985786484	0.9608753334622168
67	0.06520164789587496	0.9814323607427056	0.141515653333392	0.9608753334622168
68	0.06843723866604368	0.9807692307692307	0.1365921068294295	0.9622015934091664
69	0.06268255907142985	0.9839190981432361	0.14086252844222977	0.9608753334622168
70	0.06225128073630662	0.9827586206896551	0.13831880799339052	0.9628647233826412
71	0.06416170026326369	0.9830901856763926	0.1373890636375159	0.9608753301420642
72	0.06069037960027036	0.9842506631299734	0.14710122904189385	0.9588859429093823
73	0.06083259759199082	0.9837533156498673	0.1422600772439327	0.960212203488742
74	0.06031577075666079	0.9819297082228117	0.14339723477550148	0.9595490728828572
75	0.05931740515032877	0.9842506631299734	0.14440158247671014	0.9588859429093823
76	0.0618967611950375	0.9830901856763926	0.14096957354235712	0.9608753328298067
77	0.061481485444686776	0.9835875331564987	0.15094774871550756	0.960212202223922
78	0.057788315009256574	0.9837533156498673	0.13848169527414306	0.9615384634356916
79	0.0570883203238565	0.985079575596817	0.14289359928205095	0.9588859429093823
80	0.056348776731353536	0.9837533156498673	0.14087984305794107	0.9608753328298067
81	0.05346845627937772	0.9855769230769231	0.1404427429092974	0.960212202856332
82	0.05328304547846159	0.9857427055702918	0.1539071909885666	0.960212202223922
83	0.05605627385904365	0.9835875331564987	0.1454897465515358	0.9588859429093823
84	0.05367649593131137	0.9865716180371353	0.14090907277257753	0.9608753328298067
85	0.051241756498378845	0.9869031830238727	0.14474676625521493	0.9582228129359076
86	0.052171119446779754	0.9874005305039788	0.14945126012639595	0.9608753321973967
87	0.049598086748855186	0.9878978779840849	0.14080291776979634	0.9608753334622168
88	0.051606949626292725	0.9857427055702918	0.1419354230758366	0.9595490728828572
89	0.0504742070343296	0.986737400530504	0.14448908336994187	0.9588859429093823
90	0.05323831971230811	0.9854111405835544	0.14142609666291853	0.9595490728828572
91	0.04955302424412665	0.986737400530504	0.14579957664329113	0.9595490728828572
92	0.04778779652315521	0.9872347480106101	0.14006718858799821	0.960212203488742
93	0.049215560862967446	0.9860742705570292	0.14161618751540425	0.9588859429093823
94	0.045816314735249754	0.988395225464191	0.14243938669127557	0.9588859429093823
95	0.048069411172316626	0.9872347480106101	0.13780967889239998	0.960212203488742
96	0.04732803613520586	0.9869031830238727	0.14484498167622945	0.9595490728828572
97	0.04430795142758114	0.9888925729442971	0.14764538154361734	0.9582228129359076
98	0.04491254653588965	0.988395225464191	0.15050139676394134	0.9588859429093823
99	0.04295440289915715	0.9875663129973474	0.1446474499862137	0.960212202856332

The optimal condition:
	epoch: 70
	train_acc: 0.9827586206896551
	val_acc: 0.962864723383
	using time: 412.034770012
