The number of train datas: 3448
The number of test datas: 862
epoch	train_loss	train_acc	val_loss	val_acc
0	0.7043560625782146	0.4979698376561539	0.6906737520633883	0.529002318387795
1	0.6944454283282817	0.5145011603693951	0.6845460444204768	0.556844545074516
2	0.6848017415701652	0.552494198567906	0.6788231603230789	0.6032482566800306
3	0.6826107206034826	0.5536542930348567	0.6734381997115098	0.6403712320493712
4	0.6742938459610994	0.5881670541940321	0.6668332768150382	0.6728538302423782
5	0.6640260075748382	0.6180394428788648	0.6579300567611465	0.7111368930256837
6	0.6478192069137733	0.6453016241299304	0.6445986364391176	0.7296983782210649
7	0.6366962880380193	0.6670533649606107	0.6266057429070262	0.7470997699175522
8	0.6155702518752999	0.6946055694135325	0.6028961609798352	0.7552204198461121
9	0.5847742095624211	0.7323085841335996	0.5742608809415812	0.7563805118237736
10	0.5511542634731655	0.7563805114088922	0.5416170138770632	0.7679814398980196
11	0.5166140464231752	0.7784222735053149	0.5094942324675983	0.7900232035156746
12	0.48136422874756035	0.792343388024173	0.4796048455337914	0.7865429250934007
13	0.44890785148138235	0.8019141541003074	0.4570916602755367	0.7969837599453407
14	0.42490584294370043	0.8164153130867642	0.4378957477357161	0.8027842239824636
15	0.4104140229402175	0.8222157779536502	0.4176603086171737	0.8074245957653373
16	0.3774873823826385	0.8407772614895053	0.4047391675326221	0.8085846880195865
17	0.35788529592710966	0.8477378187489344	0.3844883744097088	0.8236658945161063
18	0.34977904895618733	0.8567285375915934	0.36893692100960807	0.8248259873235309
19	0.3341839127501866	0.8680394441235093	0.3544856775940986	0.8306264513606538
20	0.3133711881952883	0.8781902548055361	0.34130133114530425	0.8352668224520584
21	0.2939507531870822	0.882830626450116	0.31633284349176005	0.8538283075091457
22	0.279964801261154	0.8924013912816059	0.3007247148561367	0.8642691424993794
23	0.26795117266631735	0.8900812074645766	0.27865396146154736	0.8747099781810822
24	0.2563045865352635	0.8999419963276857	0.2637189390556995	0.8816705346107483
25	0.2379335794952242	0.9095127614357632	0.2444465309381485	0.8921113700158635
26	0.22429361313650614	0.9202436201810283	0.22709857293873542	0.9048723910358278
27	0.21457064839775766	0.923433875401446	0.2154975168043942	0.9129930404112123
28	0.19974011227730532	0.9269141528556629	0.2062025815594224	0.9164733186951922
29	0.1887278627007854	0.9364849183786219	0.19496567844653073	0.9280742467694382
30	0.17737281336308633	0.9414153141931149	0.17704773453991263	0.939675174981978
31	0.16908611588854247	0.9437354984250257	0.16724190223106375	0.9443155460733825
32	0.15917330651853034	0.9498259856640048	0.1548047276978703	0.9454756390191009
33	0.15312262041939384	0.9509860784714294	0.14813575228101417	0.9501160098339179
34	0.14837423997246196	0.9509860787480171	0.1380481026081364	0.9524361955870608
35	0.13425662363349977	0.9596867753568769	0.13513670681939047	0.9559164738710408
36	0.1381943276337847	0.9556264494245401	0.12560764888599688	0.9559164738710408
37	0.1261356664160288	0.9620069598653753	0.12000124414047343	0.9593967522933146
38	0.12218795555995954	0.9620069595887877	0.11286762107829207	0.9709976805058543
39	0.11457177161686381	0.9646171692352561	0.11018744697081241	0.9628770307155884
40	0.11073519356911808	0.9622969836204068	0.10749646532079184	0.9605568451007391
41	0.10937672780865583	0.9686774935080668	0.11822529958254223	0.9605568449624453
42	0.10321871621702775	0.9698375868686667	0.10196932189149259	0.9628770307155884
43	0.1004397188877285	0.969257540879836	0.09717710290251087	0.9651972163304375
44	0.09312741308021434	0.9727378180574652	0.0916542874826356	0.9675174019452867
45	0.09796008329380416	0.9701276095173476	0.08877420890428074	0.9709976803675605
46	0.09132747161969232	0.9727378183340528	0.08419538925460208	0.9756380515972589
47	0.08983843506523462	0.9762180974477959	0.08719550873522415	0.9686774947527114
48	0.09129618277682505	0.9747679819916905	0.08049672724475994	0.9791183300195326
49	0.09138503770955478	0.9733178662589974	0.07848812565380349	0.9791183300195326
50	0.08549825252485387	0.9747679822682781	0.07606609985059486	0.9802784228269572
51	0.08041880794923986	0.9785382820945882	0.07651344169873373	0.9756380515972589
52	0.07593907713198607	0.9791183300195326	0.07481266774254443	0.9756380515972589
53	0.0783466149052376	0.9776682134570766	0.07267706415976836	0.9814385156343819
54	0.07438647831744771	0.9773781908083958	0.07178315874664523	0.9814385156343819
55	0.06800156887058868	0.9814385143897373	0.07050937090907462	0.9802784228269572
56	0.07373598914619388	0.9794083517001566	0.07012263377761066	0.9802784228269572
57	0.06770211745165894	0.9799883993485135	0.06855355030284403	0.9814385156343819
58	0.06442891989603397	0.9799883999016888	0.06843645151557613	0.9825986083035126
59	0.060609168820342445	0.983178654568931	0.06706510100453193	0.981438515496088
60	0.06447432033734919	0.9820185614849188	0.0661648935584347	0.9814385156343819
61	0.06515120853196717	0.9820185620380941	0.06639399643978774	0.9802784228269572
62	0.06242323596799733	0.9834686783239626	0.06450606898130232	0.9825986083035126
63	0.0669798972798196	0.9811484924325257	0.06486160691888039	0.9814385156343819
64	0.05967596738562506	0.9834686780473749	0.0643806641623205	0.9814385156343819
65	0.05849715147660116	0.9820185607934496	0.06335176805816504	0.9825986083035126
66	0.061106691158564624	0.9808584692306695	0.06299074230123562	0.9825986083035126
67	0.05591327748034504	0.9852088175350995	0.06356285054349015	0.9802784228269572
68	0.05722562875382585	0.9825986084418065	0.061185785018236065	0.9837587011109372
69	0.056717662438923136	0.9837587009726434	0.06086281813214384	0.9837587011109372
70	0.054604880939607275	0.9854988399071926	0.0612956104311755	0.9814385156343819
71	0.05251041500723279	0.9849187928120111	0.06026332090736265	0.9825986083035126
72	0.05196247864384939	0.9875290023201856	0.05903393474435585	0.9837587011109372
73	0.044361740471730374	0.9875290013521287	0.05980756562505687	0.9825986083035126
74	0.048264710608601845	0.986368909512761	0.058869652553805066	0.9825986083035126
75	0.04906825919196943	0.984918793780068	0.057981306743179285	0.9837587011109372
76	0.04968169098179744	0.988979118606054	0.05789625843481232	0.9837587011109372
77	0.04631099715102853	0.9863689097893487	0.05740784285827745	0.9837587011109372
78	0.044677668132250936	0.9883990727555171	0.05755397672235551	0.9837587011109372
79	0.04477987192968758	0.9883990727555171	0.05663049231410856	0.9837587011109372
80	0.04884783603821442	0.9869489552250041	0.05771191599681593	0.9837587011109372
81	0.04296723793837698	0.9886890954041979	0.05689658698239072	0.9837587011109372
82	0.04404304178297658	0.9863689100659364	0.05698199784534436	0.9837587011109372
83	0.04134421838823438	0.9901392116900664	0.05683129249689474	0.9837587011109372
84	0.04359921390782791	0.9886890954041979	0.05579060450922309	0.9837587011109372
85	0.04399906283810631	0.9883990727555171	0.05928039324325088	0.9825986083035126
86	0.042378717968607725	0.9869489564696486	0.05803928662549592	0.9837587011109372
87	0.03644695500313821	0.9892691423610855	0.0557198796481793	0.9837587011109372
88	0.041359382705317846	0.9883990709576972	0.05506641865468081	0.9837587011109372
89	0.03991865179136292	0.988399071925754	0.055863516547840324	0.9837587011109372
90	0.042790327350805644	0.9878190260752171	0.05534283068299017	0.9837587011109372
91	0.03726189876550035	0.989559165286354	0.05542883130002188	0.9837587011109372
92	0.038361419536812956	0.9912993042209032	0.05490888720010937	0.9837587011109372
93	0.03527720768670195	0.9895591655629417	0.0553607955021814	0.9837587011109372
94	0.037055465865992614	0.9898491884882101	0.05571650404249709	0.9837587011109372
95	0.036755890907447464	0.9912993042209032	0.05448783670493732	0.9837587011109372
96	0.037115743128785954	0.9912993044974909	0.053681126249016296	0.9837587011109372
97	0.034950944852179	0.9912993039443155	0.05315362529833466	0.9837587011109372
98	0.03367565056252922	0.9904292346153348	0.05301175097958671	0.9872389795332109
99	0.03595371428540024	0.9910092812956347	0.05493982663494805	0.9837587011109372

The optimal condition:
	epoch: 98
	train_acc: 0.9904292346153348
	val_acc: 0.987238979533
	using time: 236.076061964
