The number of train datas: 4096
The number of test datas: 1026
epoch	train_loss	train_acc	val_loss	val_acc
0	0.7105300687253475	0.5166015625	0.6883624162357918	0.550682261208577
1	0.6984146647155285	0.50830078125	0.6851530940676758	0.5614035087719298
2	0.6968382727354765	0.522705078125	0.6823271617554781	0.5916179337231969
3	0.6900976821780205	0.52880859375	0.6801953485369915	0.6062378167641326
4	0.6913519147783518	0.524169921875	0.6782045646717674	0.6062378167641326
5	0.6861100569367409	0.545166015625	0.6760268766745257	0.6198830409356725
6	0.6831133048981428	0.556396484375	0.672934782319134	0.6081871345029239
7	0.6760324593633413	0.5810546875	0.6692392228871991	0.6413255360623782
8	0.6761836316436529	0.572998046875	0.665012581190403	0.652046783625731
9	0.6730174887925386	0.575927734375	0.661290533593756	0.6578947368421053
10	0.6674014180898666	0.599365234375	0.6569499516347695	0.6627680311890838
11	0.6666474957019091	0.600830078125	0.6519579592271623	0.6871345029239766
12	0.6589001398533583	0.613037109375	0.6461479122410974	0.6900584795321637
13	0.647352172061801	0.62890625	0.6383001295446652	0.7017543859649122
14	0.6446200720965862	0.640869140625	0.6315600135405394	0.7134502923976608
15	0.6359658353030682	0.6533203125	0.62144604180059	0.7251461988304093
16	0.6313009597361088	0.655029296875	0.611201658002582	0.7358674463937622
17	0.6125968005508184	0.68310546875	0.5981881341971385	0.7543859649122807
18	0.6043871883302927	0.696044921875	0.5844026690105714	0.7563352826510721
19	0.5896303299814463	0.70556640625	0.5680358714295177	0.7758284600389863
20	0.5786483976989985	0.719482421875	0.5517891409569085	0.7719298245614035
21	0.5680347010493279	0.728515625	0.5339488757748818	0.7992202729044834
22	0.5471304394304752	0.748046875	0.5123167043773287	0.8196881091617934
23	0.5247433073818684	0.760986328125	0.4888324263500191	0.8245614035087719
24	0.5017123501747847	0.772216796875	0.4653710454528095	0.8372319688109162
25	0.4813511185348034	0.785888671875	0.43870783793298823	0.8499025341130604
26	0.45894358307123184	0.802978515625	0.41366443839686656	0.8645224171539961
27	0.4297400275245309	0.8232421875	0.3887254529529148	0.8771929824561403
28	0.4032091200351715	0.8369140625	0.36144013060928554	0.8859649122807017
29	0.38241111766546965	0.845947265625	0.3422546966498823	0.8996101364522417
30	0.35969058331102133	0.85888671875	0.3155047743641145	0.9025341130604289
31	0.3356525478884578	0.869140625	0.2959044150441711	0.9083820662768031
32	0.3165622381493449	0.88134765625	0.2762863158482557	0.9122807017543859
33	0.29871861217543483	0.89111328125	0.25956874992879975	0.9200779727095516
34	0.27724453853443265	0.903564453125	0.24524439133514903	0.9259259259259259
35	0.2651488003320992	0.909423828125	0.2310198242785173	0.9307992202729045
36	0.2518485216423869	0.913330078125	0.21670174345984097	0.9366471734892787
37	0.23756772931665182	0.9130859375	0.20783138124101574	0.9415204678362573
38	0.22733219107612967	0.922119140625	0.19732025219218308	0.9454191033138402
39	0.21517710341140628	0.92529296875	0.1895696963773601	0.9483430799220273
40	0.2073586918413639	0.925048828125	0.1871255905481807	0.9454191033138402
41	0.19376277970150113	0.93701171875	0.17411151422336552	0.9541910331384016
42	0.19380176905542612	0.933349609375	0.17053549046869632	0.9532163742690059
43	0.1833295663818717	0.938232421875	0.16499244947472977	0.9532163742690059
44	0.17671390366740525	0.9423828125	0.15890961744573845	0.9600389863547758
45	0.16514953481964767	0.94677734375	0.1554074643314117	0.9600389863547758
46	0.1644984867889434	0.947509765625	0.15286131083355312	0.9571150097465887
47	0.15596274775452912	0.9521484375	0.14933132472471652	0.9580896686159844
48	0.15803702385164797	0.950927734375	0.1464350988060875	0.9610136452241715
49	0.1539158874657005	0.947509765625	0.1438275704897403	0.9610136452241715
50	0.1475032444577664	0.95361328125	0.14239428074010166	0.9629629629629629
51	0.14433466247282922	0.956787109375	0.1398597389648416	0.9639376218323586
52	0.13831217377446592	0.95849609375	0.15195069924635962	0.9619883040935673
53	0.13847236335277557	0.960205078125	0.13708671617374318	0.9668615984405458
54	0.13306111004203558	0.958740234375	0.1409593476654261	0.9629629629629629
55	0.13139433483593166	0.9619140625	0.1367761512626449	0.9668615984405458
56	0.12937535298988223	0.9619140625	0.1322237377728519	0.9678362573099415
57	0.12677329243160784	0.961669921875	0.13838032524865737	0.9629629629629629
58	0.12112823175266385	0.962890625	0.13342590902189472	0.9658869395711501
59	0.11426224559545517	0.964599609375	0.13016431861453587	0.9668615984405458
60	0.11475651920773089	0.968994140625	0.12797986750525456	0.9678362573099415
61	0.1121488471981138	0.96728515625	0.1277394119693696	0.9668615984405458
62	0.12091695831622928	0.9619140625	0.12711244693378143	0.9658869395711501
63	0.1129905873676762	0.967041015625	0.12579835064665615	0.9688109161793372
64	0.10899072524625808	0.967529296875	0.12483026181324067	0.9668615984405458
65	0.10565832979045808	0.96923828125	0.1289503173575851	0.9668615984405458
66	0.10918095766101032	0.96728515625	0.12362333588106067	0.9668615984405458
67	0.10147944127675146	0.9697265625	0.1282656268283841	0.9678362573099415
68	0.10930622322484851	0.966064453125	0.12396638081036872	0.9678362573099415
69	0.10075130546465516	0.9697265625	0.12484243715301765	0.9668615984405458
70	0.09967345662880689	0.9697265625	0.1263069430507763	0.9678362573099415
71	0.09910844569094479	0.97412109375	0.12849876063115184	0.969785575048733
72	0.09751770133152604	0.974365234375	0.1214294671017466	0.9668615984405458
73	0.09582629811484367	0.97412109375	0.12597789705257145	0.969785575048733
74	0.09783997107297182	0.970458984375	0.1211046130209435	0.9668615984405458
75	0.08983280917163938	0.97314453125	0.12076003588627131	0.9668615984405458
76	0.09160978719592094	0.974853515625	0.12110822801941146	0.9668615984405458
77	0.09345550299622118	0.97607421875	0.12726922100046778	0.969785575048733
78	0.08598315203562379	0.977294921875	0.1290170471320114	0.9678362573099415
79	0.08534636173862964	0.9736328125	0.12375236493689652	0.969785575048733
80	0.08943156141322106	0.97705078125	0.11979051169051587	0.9668615984405458
81	0.08649949228856713	0.976318359375	0.12125632031339621	0.9668615984405458
82	0.07850880658952519	0.97998046875	0.12214967602733195	0.9678362573099415
83	0.08417342277243733	0.97607421875	0.12159248548296606	0.9678362573099415
84	0.08052134653553367	0.976806640625	0.11967248824964229	0.9668615984405458
85	0.08015512651763856	0.980224609375	0.11887889189580292	0.9649122807017544
86	0.08319472137372941	0.9775390625	0.12328207626535792	0.9688109161793372
87	0.08116103196516633	0.978759765625	0.12023426704998283	0.9668615984405458
88	0.07295471068937331	0.9794921875	0.11834306128914913	0.9649122807017544
89	0.07671771314926445	0.977783203125	0.11817475467317576	0.9649122807017544
90	0.07670160406269133	0.97900390625	0.11810934412988451	0.9658869395711501
91	0.07606900099199265	0.977783203125	0.1207387782002438	0.969785575048733
92	0.07387962326174602	0.98046875	0.11950014941766494	0.9668615984405458
93	0.06982208439148962	0.980224609375	0.12050071773464205	0.9678362573099415
94	0.06859896297100931	0.98388671875	0.11969511930333346	0.9678362573099415
95	0.07292653329204768	0.98095703125	0.11880313469638021	0.9658869395711501
96	0.07487433578353375	0.9794921875	0.11892731725619507	0.9678362573099415
97	0.06627236056374386	0.980712890625	0.11893089064106446	0.9658869395711501
98	0.0646148951491341	0.98388671875	0.1202083840801927	0.9678362573099415
99	0.07301693386398256	0.97998046875	0.11741139156540555	0.9649122807017544

The optimal condition:
	epoch: 91
	train_acc: 0.977783203125
	val_acc: 0.969785575049
	using time: 303.676996946
