The number of train datas: 10628
The number of test datas: 2658
epoch	train_loss	train_acc	val_loss	val_acc
0	0.7011212244220456	0.5194768535942793	0.6847499153773707	0.5598194135858925
1	0.6914723347486927	0.5291682348513361	0.6785521561979261	0.6075996985284793
2	0.6811088874100473	0.5640760255927738	0.6677411228665021	0.6471030847123909
3	0.6724110733623742	0.5843996989085435	0.6559280837003767	0.6726862299792116
4	0.6620878464842722	0.6043470079036507	0.6375816183667868	0.6990218200209986
5	0.6445244345218112	0.6347384267971397	0.611312586844999	0.7261098571250634
6	0.6205253400298317	0.6665412118931126	0.5821055799969342	0.7317531989246854
7	0.5922192569778609	0.6921339856981558	0.5416458860387293	0.7637321291515216
8	0.5591072517990123	0.7202672186676703	0.5029000661891596	0.792325056523107
9	0.5298383034482503	0.7468009032743695	0.4770245489049801	0.7859292709800514
10	0.49024713129130437	0.7681595784719608	0.4255600402102244	0.8329571106991793
11	0.4533225501620056	0.7919646217538577	0.39420836879132476	0.8397291206703588
12	0.40704841288434057	0.828848325178773	0.3442653045114312	0.8664409331669028
13	0.36204397777080716	0.8543470079036507	0.30062737067540485	0.8882618502533642
14	0.3165781309293274	0.8780579601053821	0.24915920447998247	0.9187358908854184
15	0.2712491645029401	0.9041211893112533	0.21649359190168016	0.9296463498771415
16	0.23874301929692823	0.9175762137749341	0.19794643412997975	0.9345372452872243
17	0.21504271542460657	0.9317839668799398	0.19264471259576382	0.9356659149388069
18	0.19776583754583368	0.940440346255175	0.17998616760659703	0.939428142356729
19	0.18264917967056574	0.9424162589386527	0.1745699995706815	0.939428142356729
20	0.17662011521861748	0.9461799021452766	0.18533156217938532	0.9439428146841653
21	0.16290303213415983	0.9507903650733911	0.19440843815795456	0.9431903692364603
22	0.16823296497919796	0.9506021829130599	0.17269307704596165	0.9462001510272805
23	0.1554686434911883	0.9551185547610087	0.1779054528995059	0.9484574873703956
24	0.15063521185785386	0.9565299209634927	0.183731614192282	0.945071482855723
25	0.14661011870250829	0.9580353782461423	0.16770119859680724	0.9492099328181006
26	0.13843049448282144	0.961140383891607	0.16587177365233433	0.9492099328181006
27	0.13849512537283065	0.9615167482122695	0.16408501227965833	0.945823928303428
28	0.1356278792960239	0.9609522017312758	0.19862772012514848	0.9431903692364603
29	0.14130461797409816	0.9597290176891231	0.16507499788917931	0.9507148237135107
30	0.12772768537212817	0.9631162965750847	0.17036821432495763	0.9492099328181006
31	0.1297285154259963	0.9636808430560783	0.16895654805402635	0.9492099328181006
32	0.13044913138354414	0.963963116296575	0.15796475888330117	0.9492099328181006
33	0.12230338049526047	0.9646217538577343	0.17696687199618244	0.9488337100942481
34	0.12184992307670188	0.9652803914188934	0.16514511201236373	0.9507148237135107
35	0.11921490246544308	0.96706812194204	0.16198851378947116	0.9507148237135107
36	0.11488641333080321	0.9665035754610463	0.16365541495309907	0.9499623782658057
37	0.1162397075447264	0.9685735792246895	0.1621548731673293	0.9507148237135107
38	0.11377564887840429	0.9687617613850207	0.1694991649307193	0.9507148237135107
39	0.11282264074471197	0.9681031238238615	0.16006485362130057	0.9499623782658057
40	0.11078550752517331	0.9688558524651864	0.1583114714663759	0.9507148237135107
41	0.1059114814258896	0.9697967632668423	0.1647180223247447	0.9514672691612157
42	0.10824642638582281	0.9690440346255175	0.16299730391319395	0.9510910464373632
43	0.10557882206940004	0.9705494919081671	0.16053282434192254	0.9510910464373632
44	0.10494416952273386	0.9704554008280015	0.16520240555319057	0.9510910464373632
45	0.10398676840390059	0.9709258562288295	0.15764284414218904	0.9514672691612157
46	0.10357471361583169	0.9708317651486639	0.1600979345018833	0.9522197146089207
47	0.0995569539585529	0.9703613097478359	0.15336920087771636	0.9514672691612157
48	0.09951566239362558	0.9720549491908167	0.155477430113641	0.9522197146089207
49	0.0990820141080844	0.9726194956718103	0.15529502809406492	0.9529721600566259
50	0.09568952991408784	0.9730899510726383	0.15421331558934362	0.9529721600566259
51	0.0962659014942034	0.9734663153933008	0.15648167505804267	0.9514672691612157
52	0.09478070815018454	0.9735604064734663	0.1611689615958252	0.9522197146089207
53	0.0938850840288826	0.9730899510726383	0.15071973664317478	0.9525959373327734
54	0.0931065369486433	0.9729017689123071	0.15881564215307759	0.9522197146089207
55	0.09216494450999699	0.9739367707941288	0.15365773109765407	0.9529721600566259
56	0.0912852915474289	0.9735604064734663	0.15110816390017445	0.9529721600566259
57	0.09215202084106298	0.9736544975536319	0.1560975931321346	0.9533483827804784
58	0.08821680207901883	0.9752540459164472	0.1555505401999364	0.9533483827804784
59	0.08776707291647955	0.9735604064734663	0.15914363202136472	0.9533483827804784
60	0.09011199140004984	0.9750658637561159	0.15723283209910152	0.9541008282281834
61	0.08450877510493507	0.9757245013172752	0.15483874277659518	0.9541008282281834
62	0.08322559884270196	0.9761949567181031	0.15920270052146338	0.9537246055043309
63	0.08139200776389187	0.976006774557772	0.1540151824284712	0.9541008282281834
64	0.08435419644868807	0.9756304102371095	0.1528870710266363	0.9541008282281834
65	0.08118597851869169	0.9782649604817464	0.172426488539211	0.9503386009896582
66	0.08486610286478984	0.9752540459164472	0.15078759912129538	0.9537246055043309
67	0.08154385276124762	0.9764772299586	0.1518930752892706	0.9541008282281834
68	0.08040970530449268	0.9761008656379375	0.14952276321933897	0.9537246055043309
69	0.08015351770547355	0.9753481369966127	0.1486962135682167	0.9537246056837279
70	0.08157040900279132	0.976006774557772	0.15272937772236345	0.9548532736758885
71	0.07898510461003654	0.9754422280767783	0.1569815376048881	0.9537246055043309
72	0.07854745321194503	0.9777945050809184	0.15044229287595298	0.9544770509520359
73	0.07616093332606193	0.9774181407602559	0.1541636868851628	0.9541008282281834
74	0.07511070054367965	0.9781708694015807	0.15396845883404608	0.9537246055043309
75	0.07280936372972181	0.9776063229205871	0.15282144595394465	0.9548532736758885
76	0.07349035496156457	0.9786413248024087	0.15455043989747336	0.9541008282281834
77	0.07503909069734899	0.9766654121189311	0.15252230142049095	0.9544770509520359
78	0.0737253487627851	0.9773240496800903	0.16115867735031766	0.9533483827804784
79	0.07227710888103789	0.9785472337222432	0.15437701669647066	0.9548532736758885
80	0.07227219358166503	0.9791117802032367	0.1549526384847338	0.9548532736758885
81	0.07062158468896211	0.9803349642453896	0.14793566354824422	0.9541008284075804
82	0.06747479828219688	0.9800526910048928	0.16947839109744228	0.9514672691612157
83	0.07094694820390772	0.9795822356040648	0.15470833440666543	0.9544770509520359
84	0.06831550960385899	0.9794881445238991	0.15615332127738663	0.9552294965791379
85	0.06833968745347563	0.9798645088445616	0.16133090855933563	0.9544770509520359
86	0.06856120748222463	0.9796763266842303	0.16100608527750068	0.9537246055043309
87	0.06587335733170342	0.9807113285660519	0.15729370642596388	0.9537246055043309
88	0.06697667953318162	0.97882950696274	0.15020676479696599	0.9548532738552854
89	0.06620785131585029	0.979299962363568	0.15699189802683594	0.9541008282281834
90	0.06662502306319652	0.9805231464057207	0.1541592305746179	0.9537246055043309
91	0.06354680339748647	0.9812758750470455	0.16617010333669913	0.9522197146089207
92	0.06361853107645278	0.9812758750470455	0.1572297313120959	0.9537246055043309
93	0.06401284897470715	0.9798645088445616	0.15790464722903894	0.9533483827804784
94	0.06363794258187533	0.9809936018065487	0.15301702768619657	0.9556057191235935
95	0.06310515074037636	0.9824049680090328	0.16978494540428737	0.9510910464373632
96	0.061371941551268884	0.9800526910048928	0.14909787721612383	0.9556057193029904
97	0.059729880448970575	0.9823108769288671	0.15991224074964688	0.9537246055043309
98	0.0597934394031707	0.981652239367708	0.15065638709776916	0.9548532738552854
99	0.06359272799323186	0.9808995107263832	0.15477188454031315	0.955229496399741

The optimal condition:
	epoch: 96
	train_acc: 0.9800526910048928
	val_acc: 0.955605719303
	using time: 766.008337021
