The number of train datas: 7904
The number of test datas: 1978
epoch	train_loss	train_acc	val_loss	val_acc
0	0.7029800663592845	0.5106275303643725	0.6887791146523309	0.545500506284384
1	0.687587956909226	0.5452935222672065	0.6776872250742088	0.6172901918721754
2	0.6755568223443591	0.5747722674477921	0.6609873878943787	0.6875631949055424
3	0.6530473647329972	0.6319585020242915	0.6307124239971712	0.7446916084077408
4	0.6238456846248766	0.6681427123092929	0.5840609832407853	0.7755308398944905
5	0.5698922095511124	0.7245698382979945	0.5177161771920863	0.7932254809460577
6	0.5073967467435458	0.771634615143301	0.45870815683062083	0.797269970329273
7	0.44985994407039903	0.8014929152210715	0.41057016219118847	0.8164812937544619
8	0.40973361337233166	0.820217611094718	0.388708698993626	0.8179979772731677
9	0.37875574223908337	0.8438765184599378	0.3822635651629181	0.8149646107781644
10	0.3552041928536496	0.8521002026704642	0.35237894409888915	0.8301314454228138
11	0.33235333890084795	0.8650050609700592	0.3501122689554496	0.8296258847923201
12	0.31834562973454894	0.870192307933622	0.3261836963066317	0.8513650152271027
13	0.3014447427230325	0.882717611094718	0.32626182417958766	0.850353892278623
14	0.28264193544503646	0.8895495949003861	0.3033704278111096	0.8660262886385826
15	0.27468099116313793	0.8917004048582996	0.29451171436071155	0.8756319509237191
16	0.2588520100724842	0.9005566801619433	0.2783602467230526	0.8862487355546594
17	0.24618030541580216	0.9076417006461727	0.27380079834809556	0.8872598579004632
18	0.23625487004697082	0.9097925103627719	0.2679901104137919	0.8933265931203705
19	0.23180621409947091	0.9118168016194332	0.26563645642405215	0.8933265931203705
20	0.22524028600227494	0.9142206477732794	0.2545049574350443	0.9014155718868012
21	0.22061496550737605	0.9181427127919216	0.25189050350289255	0.9019211330597032
22	0.2111094946320723	0.9251012148162131	0.23524127723564392	0.9115267941997555
23	0.2011608543545611	0.9258603236453253	0.2326445749257404	0.9150657235551531
24	0.19769124041202096	0.9309210528728933	0.22056536664254023	0.9165824065314506
25	0.19591776302710237	0.9280111336032388	0.22838283381429553	0.9165824070738589
26	0.19281199761489143	0.9285172064777328	0.2412120598331621	0.9084934283074282
27	0.18686909424631218	0.9343370447757273	0.2213257232754368	0.9191102129383685
28	0.1820376752479839	0.9343370445344129	0.23154711018196855	0.9130434788635454
29	0.1762000653545866	0.9333248990267394	0.23107352265212364	0.9135490400364473
30	0.17351944925572707	0.9371204453441295	0.22584070582451304	0.9165824070738589
31	0.1748801749727504	0.9335779352226721	0.2262715057698733	0.916076845900957
32	0.16931665498718076	0.9383856277716788	0.22451102425494016	0.916076845900957
33	0.16642112414605223	0.9411690280987666	0.21461265968842502	0.9226491411486819
34	0.16490668909028475	0.9411690280987666	0.2052105642832567	0.9256825070410093
35	0.15907046222976345	0.9414220650186423	0.22354732655719511	0.9145601623822512
36	0.1616957043467263	0.9426872472048771	0.2127752956925798	0.92214357997578
37	0.1560294580785369	0.9425607285036249	0.2166262383792169	0.9186046517654666
38	0.15568392352777938	0.9428137654235006	0.21480299377977788	0.9191102129383685
39	0.1538296228176669	0.9440789471271067	0.2101437928921593	0.9216380188028781
40	0.15143193666510255	0.9450910933587232	0.20338065302257471	0.9261880682139112
41	0.14936723140811148	0.9448380564388476	0.20466417360474534	0.9266936305318973
42	0.1495050422937764	0.9462297570850202	0.2053191906973132	0.9246713858402896
43	0.14932623529723782	0.9455971657505885	0.20547727158310078	0.9251769470131915
44	0.14552717176284868	0.9485070852615572	0.21799005946583286	0.9196157741112704
45	0.13907417187444593	0.9492661940906695	0.2127219380432301	0.9211324576299762
46	0.1424094013537955	0.9496457492291686	0.20577901800297752	0.9271991917047993
47	0.14024759804912906	0.9505313762769043	0.20240923460983531	0.928715875223505
48	0.13785151362057158	0.9529352224307505	0.2190854889015819	0.9191102129383685
49	0.13467560370682705	0.9521761136016382	0.2003691790303398	0.9282103129055189
50	0.1363524206374821	0.9512904855886452	0.20522759295811668	0.9277047528777012
51	0.1307942201251443	0.9543269230769231	0.21472904483879057	0.92214357997578
52	0.13296124411498003	0.9514170042898974	0.19702349790382312	0.9322548022887343
53	0.13095018062514333	0.9529352229133792	0.19725792725449023	0.9322548022887343
54	0.1296124637488894	0.952302631337633	0.20188194242116775	0.9287158740784208
55	0.1280056132297767	0.9534412957878731	0.203052059090927	0.9287158740784208
56	0.12441941468339217	0.95255566777488	0.2070131698365279	0.9271991917047993
57	0.12208911408538278	0.9549595139287261	0.20318568038732507	0.9297269964242246
58	0.12376945028420884	0.9558451419417192	0.19769296639564063	0.9312436799429304
59	0.12405916991142127	0.9534412953052444	0.20183732185072076	0.9292214352513227
60	0.1263605443089597	0.9558451419417192	0.20715152628576672	0.9261880693589954
61	0.12163409439899661	0.9557186234817814	0.20518521591644315	0.9282103129055189
62	0.11698102540815407	0.9564777330348366	0.2015949169586293	0.9317492411158323
63	0.12059626013402514	0.95546558680322	0.20110451986050823	0.9322548022887343
64	0.11694013131292243	0.9574898785425101	0.20903965703110966	0.9277047528777012
65	0.11808147854529895	0.9587550609700592	0.21072821972253228	0.9246713858402896
66	0.11713377401413705	0.959387651580548	0.19778591250912245	0.9332659246345382
67	0.11442231709657893	0.9587550604874305	0.19363537388575933	0.9327603634616362
68	0.1123588206736665	0.9562246963562753	0.23210459061464175	0.9206268964570743
69	0.11580712625734237	0.9602732793522267	0.22480311608968417	0.9216380188028781
70	0.11056691513732378	0.9600202426736654	0.2059253921621188	0.9327603634616362
71	0.11088596027992997	0.959640688017795	0.21413824150547822	0.9266936293868131
72	0.10975028761485328	0.9607793519854063	0.20760851271292316	0.9332659246345382
73	0.10585093507279268	0.9630566799206289	0.19962251066212344	0.9332659246345382
74	0.10589265606181342	0.9600202429149798	0.2007890797142011	0.934277046980342
75	0.1088766959394038	0.9588815789473685	0.21284988478458927	0.927704751732617
76	0.10567067470024472	0.9619180164356463	0.19817934104658597	0.9332659246345382
77	0.1059663149750667	0.9617914982170228	0.21519396854121958	0.9287158740784208
78	0.09982958794967366	0.9619180159530176	0.20627688523099444	0.9337714858074401
79	0.10262756173306631	0.9643218623481782	0.21526083011553068	0.9297269964242246
80	0.10225765536791882	0.9634362348178138	0.20162814929403358	0.9332659246345382
81	0.09891140515263747	0.964195344370869	0.20171287795575854	0.9327603634616362
82	0.09949413451709245	0.9649544534412956	0.22739055167028588	0.9246713852376137
83	0.0992069450708536	0.9624240890688259	0.20676390298230704	0.9322548022887343
84	0.10049369701972374	0.964448380808116	0.20350587321304095	0.9322548022887343
85	0.09567956662612405	0.9654605260744751	0.19667212911424792	0.9322548022887343
86	0.09613846242427826	0.9652074896372281	0.21939282685412798	0.9292214352513227
87	0.09250526688238869	0.9663461536048394	0.21044494275331377	0.9322548022887343
88	0.09551364711301047	0.9643218625894925	0.20450175314749938	0.9322548022887343
89	0.09328544945248708	0.9665991905247152	0.20284377973379814	0.9332659246345382
90	0.0919050238875725	0.9682439271255061	0.21344289760678795	0.9327603634616362
91	0.09252207204397873	0.9673582993538273	0.20095347705757655	0.9332659246345382
92	0.09031736319846953	0.9676113357910743	0.20707440267423408	0.9312436799429304
93	0.09250470259894243	0.9665991905247152	0.2134108798440896	0.9317492411158323
94	0.08927138213083328	0.9667257085020243	0.21438904904785847	0.9312436799429304
95	0.08920946693130832	0.9695091095530552	0.20070822184379952	0.9312436799429304
96	0.08607250337417309	0.9700151821862348	0.21174489246084308	0.9332659246345382
97	0.0867531638939371	0.9688765184599378	0.20754275276232417	0.9317492411158323
98	0.08925313288383638	0.9677378542510121	0.21083478991571283	0.9317492411158323
99	0.085970323970202	0.9692560731158083	0.21956625001465466	0.9312436799429304

The optimal condition:
	epoch: 74
	train_acc: 0.9600202429149798
	val_acc: 0.93427704698
	using time: 530.180088997
