The number of train datas: 6668
The number of test datas: 1668
epoch	train_loss	train_acc	val_loss	val_acc
0	0.701873428569844	0.497750449910018	0.6926196813583374	0.5227817745803357
1	0.6948999892685609	0.5196460707500872	0.6892034149856019	0.5413669064748201
2	0.6884275247540099	0.5413917216199132	0.6845275844029671	0.5881294964028777
3	0.686561498802153	0.5449910017638845	0.6813889596102048	0.6037170263788969
4	0.6858482213884181	0.5499400119618448	0.6781028377638161	0.6193045563549161
5	0.6831896512466916	0.5524895020638244	0.674689665686884	0.6330935251798561
6	0.6764240768331929	0.5718356328734253	0.6696516442641938	0.6528776978417267
7	0.6729049439478865	0.5848830233774431	0.6645851889960199	0.6558752997601919
8	0.6669877389268241	0.5995800839832034	0.6564181905856236	0.6636690647482014
9	0.6631465354363362	0.6027294541449338	0.6499126807962962	0.6828537170263789
10	0.6547053438786196	0.6193761248108006	0.6391514133778121	0.6996402877697842
11	0.6451612252207952	0.6373725254591454	0.6306782919440053	0.6930455635491607
12	0.6345878902780273	0.6544691061787642	0.6179085805547609	0.6990407673860911
13	0.6240070712873874	0.662417516460945	0.6027478091150736	0.7248201438848921
14	0.6142252693293548	0.6762147570843459	0.5926235120931118	0.7164268585131894
15	0.5997714318053481	0.6945110978161996	0.5726569692293803	0.7362110311750599
16	0.5808613591016805	0.7062087582125947	0.5551476031184482	0.750599520383693
17	0.5644557627111262	0.7191061788000028	0.5366418052920334	0.7607913669064749
18	0.5509853304219089	0.7369526094423487	0.5211258363380706	0.7721822541966427
19	0.5312631176343275	0.7574985002641844	0.5006033157130225	0.7907673860911271
20	0.5202848226922533	0.7640971805638872	0.4848054357998663	0.8033573141486811
21	0.4967121201750041	0.778794241116014	0.4632220257529252	0.8219424460431655
22	0.48739480416289904	0.7876424714699433	0.4497638423379948	0.829136690647482
23	0.46651079614289737	0.8015896820278317	0.43675530928787853	0.8327338129496403
24	0.44825128602209247	0.8110377924772674	0.41502826819888694	0.8441247002398081
25	0.4344755865244645	0.8219856028436685	0.4009293788056865	0.8459232613908872
26	0.41925841130106195	0.8246850630231581	0.38957909242712335	0.8531175059952039
27	0.41274030511080323	0.8320335932813437	0.38524415924680605	0.8435251798561151
28	0.3997312391776844	0.8386322735810465	0.37162005765546713	0.8561151079136691
29	0.3830290612841196	0.843581283779007	0.3632960966308054	0.8573141486810552
30	0.38233809550329106	0.8468806239109806	0.35690979463019246	0.8615107913669064
31	0.37735669442687697	0.8507798440311938	0.3544762041643083	0.8651079136690647
32	0.36126372423726927	0.8572285542533865	0.3441100559360403	0.8687050359712231
33	0.35643351732361583	0.8573785243308966	0.3410081703314107	0.8687050359712231
34	0.3533934592378304	0.8617276544333505	0.33519413316850183	0.8669064748201439
35	0.3425827003126024	0.8671265746850629	0.3368812250576431	0.8597122302158273
36	0.3376345103131702	0.8684763047390522	0.32671181989802445	0.8717026378896883
37	0.32697097571867273	0.8708758247992774	0.3275806440009202	0.8764988009592326
38	0.3233140602967091	0.8714757048590281	0.3224233887035498	0.8758992805755396
39	0.3194398749139256	0.8740251949967635	0.31840442296126475	0.8669064748201439
40	0.3110194856454029	0.8774745051347358	0.314855897169319	0.8699040767386091
41	0.309122532302202	0.8770245950809838	0.31293174738792495	0.8717026378896883
42	0.30013444658590066	0.8819736053146998	0.3088663644213185	0.8723021582733813
43	0.3048517212906353	0.8813737252549491	0.30678851098465404	0.8770983213429256
44	0.29436290287370803	0.8813737252549491	0.3197064641282427	0.8645083932853717
45	0.2883415223419416	0.8858728254706687	0.30499401595666825	0.8776978417266187
46	0.2858797635013784	0.8882723455666495	0.30304246812129765	0.8711031175059952
47	0.27948974767486423	0.8890221955251322	0.3038261349824407	0.8711031175059952
48	0.2779055285325076	0.8929214157526123	0.3010911316894513	0.8794964028776978
49	0.27147979347843143	0.8947210558245978	0.31279975858380754	0.8776978417266187
50	0.2666905960084867	0.8984703059388123	0.29575753504995533	0.8770983213429256
51	0.26340891809683753	0.8954709057830806	0.2950678488476385	0.8705035971223022
52	0.26141388386702497	0.8981703659268147	0.30185122069695014	0.8782973621103117
53	0.2584734628246298	0.8993701259390494	0.2920176387547875	0.8758992805755396
54	0.24866764332337085	0.9019196161125402	0.29595486473122373	0.8735011990407674
55	0.24818523598239317	0.9011697660467907	0.2954446500439724	0.8806954436450839
56	0.25033060282057606	0.9022195561245379	0.2925746227911622	0.88189448441247
57	0.2430222374043496	0.9064187162925043	0.28908915342472724	0.8764988009592326
58	0.24130770622182193	0.9077684463464935	0.29199672731564197	0.8752997601918465
59	0.24260219679078301	0.9097180563887223	0.29711592104509293	0.88189448441247
60	0.23394303685294415	0.9098680264304767	0.28732291471472177	0.8770983213429256
61	0.23033109239353416	0.9103179364484731	0.2866151220649838	0.8770983213429256
62	0.2234519885626108	0.9146670665866826	0.28780668673755455	0.8758992805755396
63	0.22481567822910742	0.915116976604679	0.2880075061492783	0.8800959232613909
64	0.221661120599519	0.9157168566644299	0.2873540286966365	0.8830935251798561
65	0.22489355430319843	0.9128674265504527	0.2842093701128193	0.88189448441247
66	0.22040788138348968	0.9169166167124203	0.2942433106742031	0.882494004796163
67	0.2152920659244883	0.9166166766646671	0.28504188197979824	0.882494004796163
68	0.21058338480522765	0.9182663467306539	0.2846640238373114	0.8806954436450839
69	0.20995283058895348	0.9157168566286743	0.2841681081899922	0.882494004796163
70	0.20791484930412313	0.9179664067186563	0.28433996224574903	0.88189448441247
71	0.20394508636276668	0.9233653269703687	0.2815027938758155	0.8794964028776978
72	0.20039749540160642	0.9178164367126574	0.2846564761311602	0.88189448441247
73	0.2015303991730512	0.9238152369883651	0.32969914751944784	0.8800959232613909
74	0.19837681342186725	0.925164966970843	0.30872411343405287	0.8836930455635491
75	0.19677073644819415	0.9247150569886022	0.29945072345882295	0.8830935251798561
76	0.19360845869861826	0.9242651470063615	0.28216150996210476	0.8848920863309353
77	0.1917653235405165	0.9254649070185963	0.2939081086600713	0.882494004796163
78	0.18962840050744953	0.9295140972163195	0.2809943425283729	0.882494004796163
79	0.19022518910364827	0.9269646071143399	0.28655265118006606	0.8842925659472423
80	0.18961199794923322	0.9283143371325735	0.2805420882839093	0.8836930455635491
81	0.18682737088464446	0.9305638872225555	0.28864191347460666	0.882494004796163
82	0.17817393667553455	0.9307138572285543	0.28716347564896233	0.8842925659472423
83	0.17698798039464372	0.9313137372167939	0.2899281379701994	0.8836930455635491
84	0.17453596238817864	0.9344631073785243	0.2833509496647677	0.8842925659472423
85	0.17432614325154092	0.9343131374082811	0.28533398776317387	0.8758992805755396
86	0.1775361191890307	0.9356628673907591	0.29370071347668875	0.8699040767386091
87	0.17427519181476214	0.9320635872825435	0.30400526898799185	0.88189448441247
88	0.17303642518840726	0.9331133773602908	0.29917190786745906	0.8836930455635491
89	0.1658932888287052	0.9368626274745051	0.28963711850648877	0.8866906474820144
90	0.16730480224126532	0.9382123575642499	0.30683135550370894	0.882494004796163
91	0.16086681455320131	0.938962207594244	0.2881618611675372	0.8770983213429256
92	0.1610458939373672	0.9406118776602307	0.291617622692808	0.8860911270983214
93	0.1567139188213197	0.9419616076784643	0.28867788216192947	0.88189448441247
94	0.15696378505437333	0.9392621475347303	0.29211933864392253	0.8758992805755396
95	0.15957000494074808	0.9385122975047363	0.2881207848481423	0.8794964028776978
96	0.15540444090220482	0.9373125374567458	0.29116845516849765	0.8770983213429256
97	0.15248832407831503	0.9425614877382151	0.29140950035419966	0.8776978417266187
98	0.15271001742916973	0.943011397720456	0.29085220621644164	0.882494004796163
99	0.1516943294610817	0.9427114577084583	0.3044412721404069	0.8836930455635491

The optimal condition:
	epoch: 89
	train_acc: 0.9368626274745051
	val_acc: 0.886690647482
	using time: 460.927861929
