The number of train datas: 2696
The number of test datas: 674
epoch	train_loss	train_acc	val_loss	val_acc
0	0.7074630140197029	0.4977744807121662	0.6917130018554031	0.5326409496433303
1	0.7026824675257198	0.5126112759643917	0.6899469837944302	0.5385756676557863
2	0.7009133747847922	0.49591988130563797	0.688271846721717	0.5756676572012972
3	0.6930301790775106	0.5322700296735905	0.6876028005022677	0.5801186940082811
4	0.6967052102796402	0.5111275964391692	0.6867034398129856	0.5875370934030776
5	0.6938418912250847	0.5129821958456974	0.6861158664219458	0.5905044522766544
6	0.689043287884234	0.5289317507418397	0.6849530956511681	0.593471810177455
7	0.6888185824414035	0.5304154302670623	0.6839324649788152	0.5875370922534331
8	0.6863818115579622	0.5359792284866469	0.6825678095619473	0.5890207717786556
9	0.6878263409130652	0.5485905044510386	0.6814112261777816	0.6038575665887103
10	0.6852313743500752	0.5548961424332344	0.6805212113906792	0.6186943634327512
11	0.6798363886884129	0.5586053412462908	0.6794583477323063	0.6246290802955627
12	0.6852324447575238	0.5441394658753709	0.678481721205952	0.6305637983964529
13	0.6791691511250392	0.5586053412462908	0.6769283521776737	0.6320474778332413
14	0.6756307862986443	0.5804896142433235	0.6754797157618695	0.6394658766089986
15	0.6755410344381361	0.5689910979228486	0.673745628988	0.6439169151846662
16	0.6745795849876517	0.5745548961424333	0.6719457742368432	0.636498515966738
17	0.6707570535139089	0.594213649851632	0.6699484367398905	0.6572700296735905
18	0.6658097298633451	0.6083086053412463	0.6671999119863312	0.6735905045394728
19	0.6633638576866965	0.5975519287833828	0.6641923875412531	0.6691394655216342
20	0.6621744024293713	0.6053412462908012	0.6616509335684847	0.6706231464618038
21	0.6528029760196584	0.634272997032641	0.6578099379199902	0.679525222198192
22	0.6574250590553623	0.6094213649851632	0.654501699552338	0.6928783393401421
23	0.6530035995941841	0.6294510385756676	0.65194774682161	0.7077151333542889
24	0.6499360693668399	0.6483679525222552	0.6482204932841066	0.6854599417140292
25	0.6479676553332842	0.6383531157270029	0.6448763117238393	0.678041542496101
26	0.6405836969879332	0.6491097922848664	0.6407523438201814	0.7240356093698156
27	0.6304900352608203	0.6743323442136498	0.6357045559218093	0.7017804164914774
28	0.6269460592850026	0.6706231454005934	0.6310883461544705	0.7240356097235524
29	0.6173674326268431	0.6865727002967359	0.6237918909650174	0.7136498525163893
30	0.6159811610637858	0.6665430267062314	0.6182403769620448	0.749258159883652
31	0.6064471087752888	0.6847181008902077	0.6107755535080455	0.7433234430208404
32	0.6040437271050246	0.6939910979228486	0.6040268031001444	0.7537091998742667
33	0.5971071500806497	0.7002967359050445	0.5955916015259943	0.7626112768487336
34	0.5876434036815202	0.7073442136498517	0.5869986918984251	0.7626112754337866
35	0.5707287767166908	0.724406528189911	0.5769385785660334	0.7670623140094542
36	0.5650085262092002	0.7303412462908012	0.5677579842972119	0.7774480705091437
37	0.5493694460710361	0.7477744807121661	0.5568939836513395	0.7818991092616797
38	0.529404036192229	0.7655786350148368	0.5430653574558677	0.7833827902018493
39	0.5291594677226126	0.7611275964391692	0.5349875911407018	0.7893175084796079
40	0.514193361166323	0.7741097922848664	0.5203807074521345	0.8041543035549651
41	0.5042267241888301	0.7696587537091988	0.5105957998189445	0.8056379827264508
42	0.48919022932250705	0.7874629080118695	0.49533227130284296	0.8175074175132842
43	0.4703590280931852	0.7997032640949555	0.48186163378752306	0.817507419281968
44	0.4665119622333821	0.7978486646884273	0.46660043064847545	0.826409496256435
45	0.4496962412174802	0.8093471810089021	0.453870716540679	0.8338278922907323
46	0.4393410760500311	0.8234421364985163	0.4445304854687314	0.8353115732309019
47	0.42251594855452856	0.8271513353115727	0.43061245212922816	0.8397626119834379
48	0.40498422249842114	0.8379080118694362	0.420865426962029	0.8249258169080808
49	0.3967069199955428	0.844213649851632	0.40706880969888026	0.8560830849922022
50	0.3867029511433327	0.8475519287833828	0.403398162798641	0.8545994054669797
51	0.3694390327357397	0.857566765578635	0.38681718211853183	0.8649851621435375
52	0.3539868892565679	0.8690652818991098	0.3934798259232801	0.8545994052901112
53	0.3510748432722573	0.8716617210682492	0.3667118791656607	0.8605341251596853
54	0.3368278931085717	0.8853857566765578	0.3606251097043827	0.8694362007192051
55	0.33471635620742596	0.8794510385756676	0.3711350124207731	0.8649851633816161
56	0.3195751429665336	0.879080118694362	0.3595466172482918	0.8738872405329514
57	0.31049228245143723	0.8857566765578635	0.33961689569476095	0.8857566754966532
58	0.3004852922008724	0.8920623145400594	0.3361911059133377	0.88872403437023
59	0.28631361629205926	0.8991097922848664	0.3299291244423354	0.88872403437023
60	0.2756938844123297	0.9080118694362018	0.3268273224285873	0.8902077138954525
61	0.2776576311545839	0.905786350148368	0.3265093272712181	0.891691393420675
62	0.2683605589746368	0.9061572700296736	0.31348174730818773	0.891691393420675
63	0.25110874924178644	0.9183976261127597	0.3089685546184506	0.8946587524711201
64	0.2557754534730572	0.9161721068249258	0.3093725496831209	0.891691393420675
65	0.2516782611873808	0.9176557863501483	0.3148236597061865	0.8961424334112897
66	0.24745912376780185	0.9202522255192879	0.31594794068916615	0.8961424318194743
67	0.23537250771809048	0.9247032640949555	0.2961577705884192	0.905044509147678
68	0.23579566746684846	0.9206231454005934	0.2954362760400206	0.9020771500972329
69	0.23090831568403838	0.9224777448071216	0.2992409769257735	0.9035608296224554
70	0.2224585358661431	0.9332344213649851	0.29348989830349603	0.9065281886729005
71	0.22794474550807511	0.93026706231454	0.30303354419834183	0.8946587524711201
72	0.21851956561340422	0.9336053412462908	0.28744739055279805	0.8991097910467878
73	0.22038259766222107	0.9243323442136498	0.29297686604788464	0.905044509147678
74	0.20973044828420576	0.9336053412462908	0.30514369582210166	0.8931750729458976
75	0.20093720620746783	0.9339762611275965	0.2933168711046791	0.9005934705720103
76	0.1985827409151046	0.9328635014836796	0.28781861968846983	0.9035608296224554
77	0.1999500817467268	0.9324925816023739	0.28832984227101244	0.905044509147678
78	0.19388796296247035	0.9384272997032641	0.2801689739043352	0.9035608312142709
79	0.18755019825360894	0.9387982195845698	0.2811548212869231	0.9035608312142709
80	0.20010552482364438	0.9328635014836796	0.2824378440305812	0.9080118681981231
81	0.18431380647580065	0.9410237388724035	0.2786666223840119	0.9109792272485682
82	0.1822930755265035	0.9428783382789317	0.3033445681989724	0.8976261129365123
83	0.18299688197650257	0.9417655786350149	0.28342133057400454	0.905044509147678
84	0.1843578449784825	0.94473293768546	0.2811550112435655	0.905044509147678
85	0.17340012955913203	0.9417655786350149	0.29449439367130176	0.8991097924617348
86	0.17347451533779545	0.9469584569732937	0.28136111260875396	0.905044509147678
87	0.17123439218240957	0.9428783382789317	0.2911824108231315	0.9020771515121799
88	0.1675685012729656	0.9436201780415431	0.2927474683753107	0.9005934719869574
89	0.16578721354552475	0.9451038575667656	0.27561021443644335	0.9080118681981231
90	0.15862097266166075	0.9473293768545994	0.2763059980260866	0.905044509147678
91	0.1533810637382796	0.9543768545994066	0.2746288745445738	0.9109792288403836
92	0.1631135590352361	0.9514094955489614	0.2943555169713957	0.9035608310374025
93	0.1626569467544202	0.9462166172106825	0.2779899473006365	0.9094955491382927
94	0.16235091198976387	0.9495548961424333	0.27747246552291893	0.9080118696130701
95	0.15379198673747768	0.9499258160237388	0.2776803971221256	0.9094955491382927
96	0.1544620870040503	0.9506676557863502	0.2820100496006295	0.9035608310374025
97	0.1456997257267686	0.9540059347181009	0.27366775738556237	0.9080118697899385
98	0.1432066394640713	0.9536350148367952	0.2843714810974166	0.9080118696130701
99	0.14856185138402425	0.9554896142433235	0.27868435436787875	0.9035608296224554

The optimal condition:
	epoch: 91
	train_acc: 0.9543768545994066
	val_acc: 0.91097922884
	using time: 221.408193827
