The number of train datas: 5472
The number of test datas: 1370
epoch	train_loss	train_acc	val_loss	val_acc
0	0.6872883494834454	0.5460526312303822	0.6439761404573482	0.6912408743461553
1	0.6118936176188507	0.6991959067813137	0.5581324694800551	0.8474452556484807
2	0.49904266017222265	0.8198099415204678	0.4192245905851796	0.9007299251800036
3	0.3555601763794994	0.8941885961426629	0.2935595104946707	0.9175182463478868
4	0.2539968587327422	0.9194078950854073	0.2329707782416448	0.9197080292840943
5	0.1953811210672758	0.9393274857286822	0.20794179401476018	0.9218978103059922
6	0.17554527372993223	0.9387792394175167	0.19760670822902318	0.9248175183351892
7	0.15865848313646708	0.9477339181286549	0.1903698216824636	0.927007299357087
8	0.14968666068294592	0.9499269005847953	0.18572115264017217	0.9313868614008827
9	0.14229206509931744	0.953216374617571	0.17936866604281168	0.9343065694300797
10	0.1375984648427768	0.9559576026877464	0.18208206581482053	0.9343065694300797
11	0.13302756436387	0.954861110762546	0.1706867156020046	0.9350364964373791
12	0.12533566861124765	0.9577850873707331	0.17072729312807974	0.9372262774592769
13	0.12031122610757225	0.9594298242128383	0.16763775271982173	0.9386861314738754
14	0.12182926390951837	0.9586988304093568	0.16106058315639077	0.940145985488474
15	0.11657077936749709	0.961074561752074	0.15551041374458885	0.9416058395030725
16	0.10684643101971052	0.9649122803531892	0.15271383887224824	0.9423357665103718
17	0.10446543011226152	0.9643640347391541	0.15125985552359672	0.9452554745395688
18	0.10334705461186973	0.9647295325123079	0.14537992092923527	0.9452554745395688
19	0.09802999569658648	0.9669225149684482	0.14096068551723104	0.943065693517671
20	0.09521841785015418	0.9676535087719298	0.13937801378813103	0.9481751825687659
21	0.09136351890731276	0.9702119883040936	0.1394002207765614	0.951094890597963
22	0.0897254914655323	0.9713084795321637	0.13302110756618263	0.9503649635906637
23	0.09336828488355492	0.9714912277216102	0.12845155937719518	0.9489051095760652
24	0.08209745522740988	0.9744152050269278	0.12532483306135575	0.9496350365833645
25	0.08225257278621545	0.9738669587157623	0.1218620651503549	0.9503649635906637
26	0.07696488717494653	0.9747807021029511	0.12112241141008635	0.9540145986271601
27	0.07302806212713844	0.9766081871345029	0.11995218661579772	0.9547445256344593
28	0.07479046733930098	0.977156432748538	0.11769645968384117	0.9562043796490579
29	0.07502684485145479	0.9749634502923976	0.11323604543496223	0.9576642336636564
30	0.07119923270149538	0.9782529239766082	0.11152275347687902	0.9569343066563571
31	0.07510890027410105	0.9760599411719026	0.108893751146367	0.959124087678255
32	0.06693764050540171	0.9797149119321366	0.10941389111162972	0.9569343046550333
33	0.06928091003880864	0.9782529243251734	0.10319261747228838	0.9613138687001528
34	0.06722078690229104	0.9789839177800898	0.1024493304101655	0.9613138687001528
35	0.06601294003732024	0.980263158243302	0.10644821046314536	0.9598540126842304
36	0.0630933119539629	0.9819078947368421	0.09752314318596882	0.9627737227147513
37	0.06070340564202147	0.9828216377754657	0.096288680279777	0.9613138687001528
38	0.05644632381392501	0.9833698830409356	0.0961228766254265	0.9649635017353253
39	0.05970188522199441	0.9811769005847953	0.09723614270180246	0.9656934287426245
40	0.055205574596834464	0.9824561403508771	0.09518475359863174	0.9656934287426245
41	0.055231985924711006	0.9828216370783354	0.09333431298171517	0.9664233557499238
42	0.05246307156239337	0.9846491231555827	0.08995582067346486	0.9642335767293498
43	0.053203447847164166	0.9855628651485109	0.08816855970742929	0.9656934307439484
44	0.05315159692576057	0.983735380116959	0.08695006869243879	0.9656934307439484
45	0.05304262900387335	0.9842836260795593	0.08685417848836331	0.9664233557499238
46	0.04977616799548704	0.9850146195344758	0.08779591468509532	0.9664233557499238
47	0.04737506787243642	0.986111110762546	0.08474358915738815	0.9656934307439484
48	0.04861060272880465	0.9859283622245343	0.08789044888078296	0.9678832097645224
49	0.04661009434545249	0.9861111114596763	0.08338184463825539	0.9671532827572231
50	0.047002190843834515	0.9864766078385693	0.0852805139646478	0.9708029177937194
51	0.04630096100967879	0.9848318709964641	0.08110876511374529	0.9678832117658462
52	0.04668469411152148	0.9850146195344758	0.08088445510089833	0.9686131367718216
53	0.044939129760390835	0.9877558476046512	0.0830653290379874	0.9700729907864202
54	0.04314569709550219	0.9870248538011696	0.08116752964845539	0.9693430637791209
55	0.04225456968429144	0.9873903505286278	0.08047824294517075	0.9700729907864202
56	0.0453604069151725	0.9872076019906161	0.07973192890793303	0.9693430637791209
57	0.04138049672831569	0.9877558476046512	0.07931210784527072	0.9700729907864202
58	0.038864474286112866	0.9892178366058751	0.07904336299665653	0.9700729907864202
59	0.03888090471165222	0.9894005844467565	0.07962663077960049	0.9715328448010188
60	0.041190733381530696	0.9879385964912281	0.0798017228198965	0.9715328448010188
61	0.04152559065831858	0.9868421052631579	0.08126960805732839	0.9700729907864202
62	0.03693937502627136	0.9892178359087448	0.0783395139432519	0.9708029177937194
63	0.039182372914071666	0.9899488300607916	0.0762283393338214	0.9708029177937194
64	0.03799903404773676	0.9888523391812866	0.0853879012085878	0.9708029177937194
65	0.03541181928189526	0.9904970756748266	0.07640184001711599	0.972262771808318
66	0.03804016581665703	0.9881213450292398	0.07615971411340428	0.9729926988156172
67	0.038947274004332504	0.988486841756698	0.0759265129148525	0.9729926988156172
68	0.0345984427203909	0.989948830757922	0.07750126217512318	0.9715328448010188
69	0.03452768336916179	0.9910453212888617	0.07745911974704614	0.972262771808318
70	0.03641751495718259	0.9912280701754386	0.08098759357783482	0.972262771808318
71	0.03589797939299143	0.9903143274853801	0.07428169252119796	0.9729926988156172
72	0.033427104234085445	0.9904970763719569	0.07562698712912354	0.9729926988156172
73	0.03451059124710267	0.9914108183648851	0.07454673037694319	0.9737226258229165
74	0.03213524533032674	0.9912280698268734	0.079380147644475	0.972262771808318
75	0.03313927343169674	0.9919590643274854	0.07662574470750172	0.9744525528302158
76	0.033798673838289855	0.9903143274853801	0.07540457808297046	0.9737226258229165
77	0.03458251853130365	0.9901315789473685	0.07953295536529627	0.972262771808318
78	0.03253374363116005	0.9915935676000271	0.07996909227086245	0.9729926988156172
79	0.03380054911892665	0.9897660818713451	0.07687101954335931	0.975182479837515
80	0.03217871386928168	0.9915935669028968	0.07581416475212704	0.975182479837515
81	0.030175010077328535	0.9912280701754386	0.07290018374086732	0.9744525528302158
82	0.03282113163595834	0.9910453216374269	0.07241485535173955	0.9744525528302158
83	0.030785835658510525	0.9906798245614035	0.0754621647556659	0.975182479837515
84	0.031034987893674457	0.9912280698268734	0.07624379789633473	0.975182479837515
85	0.03042615502419179	0.9912280701754386	0.07674452460024261	0.975182479837515
86	0.030582676886727934	0.9912280698268734	0.07318688980473655	0.975182479837515
87	0.02967412589520913	0.9914108187134503	0.07602421043127992	0.975182479837515
88	0.029903245752143582	0.9925073095929553	0.07502988795783833	0.975182479837515
89	0.027460655622314988	0.9932383044421325	0.0724388244024811	0.975182479837515
90	0.027903447039316447	0.9936038011695907	0.07231459174114857	0.975182479837515
91	0.026862791684940893	0.991593567251462	0.07233149300526528	0.975182479837515
92	0.02840879375430924	0.9928728070175439	0.07246307166442818	0.975182479837515
93	0.0280215341968146	0.9932383037450021	0.07529268236762851	0.9759124068448143
94	0.02826609181468947	0.9925073095929553	0.07243602447837157	0.9759124068448143
95	0.025483982474134678	0.9934210522830138	0.07495997713158166	0.975182479837515
96	0.02661900698310799	0.9925073099415205	0.07491173407837858	0.975182479837515
97	0.026361598960009582	0.9930555555555556	0.07239131527497386	0.9766423338521136
98	0.025111452534751236	0.9928728066689787	0.07571865419320165	0.975182479837515
99	0.02692583469641313	0.9932383040935673	0.07141063635910515	0.9759124068448143

The optimal condition:
	epoch: 97
	train_acc: 0.9930555555555556
	val_acc: 0.976642333852
	using time: 476.124967098
