The number of train datas: 16296
The number of test datas: 4076
epoch	train_loss	train_acc	val_loss	val_acc
0	0.7005899028270105	0.5176116838195363	0.6829764916103651	0.5760549562485108
1	0.6816804056139512	0.5605056455279309	0.6689211245373959	0.6182531900448
2	0.6609586687958819	0.6033382425427612	0.6409748034575503	0.6962708543046534
3	0.6328067684442785	0.6476435935198822	0.6008631400434964	0.740922473539197
4	0.5827084851721425	0.7111561119585688	0.5437059118773448	0.7647203147937786
5	0.5206240823178766	0.7590819832795265	0.4675382999255449	0.8145240438815071
6	0.4512889136066025	0.8043691703192908	0.3966276417536637	0.8434739936439282
7	0.3799383227416681	0.8457903780068728	0.32575218658802907	0.8792934253943446
8	0.32307643182557416	0.8771477662645021	0.2914368819675689	0.8905789989601525
9	0.2792527219157156	0.8993618066368234	0.24285356462060295	0.9148675170567132
10	0.24964229606739374	0.913966617545604	0.21860293772024075	0.9246810600965835
11	0.2244132302032128	0.9245213549044651	0.20436191120138347	0.9313052014115982
12	0.20963725307933478	0.9347079037800687	0.19380367597724082	0.9371933270249446
13	0.19551702796915435	0.9417648503285269	0.1839002916722817	0.9413640820243057
14	0.18601514016464168	0.9468581247224372	0.17738717768827528	0.9435721291293105
15	0.17589670084654613	0.9493127147473713	0.17214415860714224	0.9474975468483009
16	0.1674090226015801	0.953546882729116	0.1680708847084504	0.9472522082810781
17	0.16116011144193762	0.9542218948850224	0.16493345876759005	0.9477428854155237
18	0.16065914312237667	0.9578424152873811	0.16246830106834434	0.9489695773157452
19	0.1523331317046605	0.9590697103291091	0.16040105472105876	0.9489695773157452
20	0.15050657289573594	0.9585174275603315	0.1586971370040844	0.9504416087190817
21	0.14597080605516963	0.9606651938833556	0.15718423366780604	0.9521589786896411
22	0.1422356034047942	0.9611561119000468	0.15907281061033038	0.9528949956781614
23	0.14110742502049833	0.9611561119000468	0.153681961444807	0.9521589786896411
24	0.1401412739479255	0.9632425134709844	0.1528540729262644	0.9531403336019582
25	0.13605123541418923	0.962567501285817	0.1525711107622536	0.9533856728126069
26	0.13415763839881795	0.9640402553358907	0.15058405309827802	0.9531403329585322
27	0.13501887152928843	0.9641016200879771	0.14930859540787483	0.9536310107364037
28	0.1275878384760565	0.96471526757958	0.15048782708044725	0.9546123647128284
29	0.1272432251440642	0.9656971035544405	0.149826953291776	0.9551030418472739
30	0.12342716404545465	0.9668016691797787	0.14894702099812043	0.9555937189817194
31	0.12337016134678762	0.9669243986254296	0.14900208246310162	0.9543670261456056
32	0.12298697549584571	0.9664334806672603	0.14971256540527053	0.9553483810579227
33	0.12150204439990855	0.9666175748649976	0.14666976233518392	0.9548577032800512
34	0.11899423172764177	0.9681516936378965	0.14608269954745506	0.9563297346833878
35	0.11911175414283427	0.9674153167006427	0.1449149125516122	0.9563297346833878
36	0.11684798273711913	0.9684585174275896	0.14477644635545378	0.9573110889522788
37	0.11424590323155102	0.968213058360722	0.14428948233008268	0.956084396116165
38	0.11390907839160078	0.9683971526755032	0.1422751148371163	0.9565750732506105
39	0.11141746723452911	0.9698085420320124	0.14226779618078406	0.9555937189817194
40	0.10995768262809495	0.9696858124693176	0.143022616826166	0.9563297353268138
41	0.11046922222240683	0.9689494355028028	0.1420760601758957	0.9563297346833878
42	0.10762286222062979	0.970360824742268	0.14068999451469041	0.957065751028482
43	0.10667696816295341	0.9717722140402553	0.14412395655743274	0.9548577029875848
44	0.10825589915145889	0.96882670599863	0.13926635028189369	0.9575564272270353
45	0.1048502621986612	0.9714040255569979	0.14100916256672968	0.9560843970520574
46	0.10446245377269749	0.9710972017673049	0.1428208856736479	0.9551030415548075
47	0.10276680985793918	0.9723858615903803	0.14842968612499863	0.9524043173153571
48	0.10275466869428396	0.9707903780068728	0.13826419201782805	0.9573110886598125
49	0.1013705819364222	0.9715267550319097	0.13905294172253763	0.9570657500925897
50	0.09976758274981715	0.9717108493466908	0.13669226184063266	0.9582924438645959
51	0.09941976371316799	0.9720790378592092	0.1388265030921032	0.9580471043614808
52	0.09607940223150295	0.9726313205109429	0.13752023698040033	0.9563297346833878
53	0.09615876564777068	0.972938144300636	0.138561486382626	0.9568204115253669
54	0.09422520671550058	0.9733063328424153	0.13746690551244944	0.957801765794258
55	0.09556559848182623	0.9712199312422166	0.14144604643614883	0.9570657500925897
56	0.09330168494083277	0.9734904271571965	0.13707105707198058	0.958783120063149
57	0.09118627056490428	0.9737972508591065	0.14494749174706484	0.9558390572564759
58	0.08964308228747893	0.9741040746780605	0.13513854369009326	0.9585377814959263
59	0.0916585380912822	0.9737358861655421	0.1403440127370402	0.9575564272270353
60	0.08996287204058193	0.9741654394301469	0.1367055931118508	0.9582924429287035
61	0.09002667938706099	0.9732449681488509	0.13902064348124077	0.9580471043614808
62	0.08913225090614885	0.9744108984384925	0.14946277248759968	0.9548577029875848
63	0.08870255505454909	0.9744108983799705	0.137786639874419	0.957801765794258
64	0.08795616902304913	0.9736745214134557	0.13668379598864747	0.9580471043614808
65	0.08698173365832311	0.9742881688757977	0.1353931602481771	0.9582924429287035
66	0.08445993809063293	0.9749018164551837	0.13475782661840421	0.957801765794258
67	0.08510937568789671	0.9749631812072701	0.13857557843562665	0.9568204115253669
68	0.08360430368194408	0.9757609229258714	0.1366367582103806	0.9585377814959263
69	0.08189659094585176	0.9754540991654393	0.13548000969935914	0.9580471043614808
70	0.08093956909583636	0.9758222876779578	0.13598586232113535	0.9580471043614808
71	0.07901808299822848	0.9757609229843933	0.1377092861077795	0.957801765794258
72	0.08069194156071194	0.9755768286696122	0.13518997776423516	0.958783120063149
73	0.07899353388380524	0.9768041237698621	0.1359207702104196	0.9575564281629276
74	0.07994117502947912	0.9753927344718749	0.13616977486909312	0.9585377814959263
75	0.08077052849352681	0.9759450171528696	0.14025630376377565	0.9575564272270353
76	0.07692144078988478	0.976926853215513	0.13839753817353795	0.9575564272270353
77	0.07744452692330557	0.9765586647322556	0.13532267597899703	0.957801765794258
78	0.07587553744163651	0.9771109474717722	0.1355573747588561	0.9580471043614808
79	0.07730934999711267	0.9761291114969117	0.1344563861663606	0.9580471043614808
80	0.07573754117066551	0.9771109474717722	0.13925598282092805	0.9582924429287035
81	0.07484464991835911	0.9768654885219485	0.13788032848698703	0.9582924429287035
82	0.07549067589860807	0.975699558173785	0.13560110351785476	0.9575564272270353
83	0.07440515286821797	0.9779086893074174	0.136860973825925	0.958783120063149
84	0.07304494977582596	0.9782768777906748	0.14213131001480545	0.9563297343909214
85	0.07244714676865656	0.9774791360428126	0.1351944667024865	0.958783120063149
86	0.06994026257058951	0.9782768777321529	0.135881144337729	0.9575564272270353
87	0.07118468773795888	0.978767795778105	0.13792905883024556	0.9582924429287035
88	0.06948319001778938	0.9783382425135002	0.13466714583227632	0.9585377814959263
89	0.07029739023717993	0.9782155129800665	0.143801707317422	0.9563297343909214
90	0.07172516459360477	0.977233676975945	0.13615566081896616	0.9592737971975946
91	0.06878348605073605	0.9789518900343642	0.14423884496721598	0.9560843958236986
92	0.06802073050844476	0.9785223367697594	0.13610981522499052	0.9582924438645959
93	0.0693163639981488	0.9788291605301914	0.1499397841019883	0.9565750729581441
94	0.06795258156563877	0.9782155130093274	0.1387790573890649	0.9582924429287035
95	0.06628127771744731	0.9790746195970591	0.1354188108643091	0.9582924429287035
96	0.06642613607876197	0.9789518900051033	0.13834740355303757	0.9563297353268138
97	0.06575228106715132	0.9799950908783551	0.1371638208730064	0.9580471043614808
98	0.06601409102018756	0.9797496317822265	0.14017277659155553	0.9582924429287035
99	0.06304043698205512	0.9796882670301401	0.13924141848227695	0.9585377814959263

The optimal condition:
	epoch: 90
	train_acc: 0.977233676975945
	val_acc: 0.959273797198
	using time: 1079.24023509
