The number of train datas: 1780
The number of test datas: 446
epoch	train_loss	train_acc	val_loss	val_acc
0	0.725231750493639	0.49550561650415487	0.6924786776170603	0.49999999939860784
1	0.7054444247417235	0.5011235955725895	0.6897247877356183	0.551569510468453
2	0.7046065696169821	0.499438202381134	0.6886718241088593	0.5695067275265407
3	0.7035950240124478	0.5089887647816305	0.686467354607689	0.5919282521902178
4	0.6950416855597764	0.5235955053500915	0.6837713464493175	0.5627802706620084
5	0.6970154041654608	0.5123595512315129	0.6823324112079603	0.5762331875984978
6	0.6922641184892547	0.5337078653694538	0.6810427647535042	0.5896860962491399
7	0.6900669069772356	0.5235955061537496	0.6796760035202642	0.6008968647285428
8	0.6912144693096033	0.5365168537986412	0.6782018197491565	0.5941704017164461
9	0.686271601714445	0.5544943812188138	0.6768394032401355	0.6188340825884866
10	0.6860885362946585	0.5443820242131694	0.6756045984045806	0.6278026943249553
11	0.6849956302160627	0.5297752806309903	0.6736876421979725	0.6278026945922407
12	0.680506145016531	0.5573033713222889	0.6714933733769062	0.6300448409110442
13	0.6759278668446487	0.5747191008557094	0.669372215399293	0.6457399143231823
14	0.6770037668474604	0.5713483135351974	0.6678895044219868	0.6434977594512461
15	0.6743378711550423	0.5758426978347007	0.6657228416391552	0.6479820665222646
16	0.672934639855717	0.5792134836818396	0.6628649651736956	0.6636771337868387
17	0.6708941969978676	0.591011234883512	0.6604047604740468	0.6704035869093754
18	0.6668457913934515	0.5977528081851059	0.6573575644215126	0.6860986584505158
19	0.6670140060146204	0.6050561781679646	0.6544229527225409	0.6838564998365838
20	0.6688064145238212	0.5893258444378885	0.651668774707435	0.6928251137113357
21	0.6595071013054151	0.6207865167199895	0.6486017249624826	0.6995515689721556
22	0.6594147199995062	0.6174157320783379	0.6455854276370575	0.6995515711104389
23	0.6521366123403056	0.6404494380683041	0.6419266304627662	0.7017937235768066
24	0.6529880677716116	0.6235955072252938	0.6384404691880059	0.710762329165711
25	0.6515415546599399	0.6258426970310426	0.6348546072506583	0.7331838557003859
26	0.6424742710724306	0.6471910127093283	0.6307002308657351	0.7376681606331214
27	0.6405261375930872	0.6410112363568853	0.6257189827649583	0.7399103130994891
28	0.6381202958942799	0.6370786520872224	0.6211735889516069	0.7376681649096878
29	0.6367807724502649	0.6578651701466421	0.6167770439733838	0.7645739921005318
30	0.6283624903539593	0.6629213477788346	0.6117677252923427	0.7556053843733441
31	0.6326185622911775	0.6477528092566501	0.6076770336638652	0.7735425995604339
32	0.6242534309290768	0.658988764982545	0.6019028296919682	0.7578475328304308
33	0.6165621539180198	0.6741573022992423	0.5963354484917337	0.7668161402903331
34	0.6105728209688422	0.6882022467891822	0.5902372125552908	0.7825112134351858
35	0.5997763549343923	0.7000000009376012	0.582149823417578	0.786995512220357
36	0.6010858634884437	0.7050561784358507	0.5756711411903792	0.7825112072876216
37	0.5915397318561425	0.7067415723639927	0.5677036830128042	0.7847533597539893
38	0.5933208031600781	0.6994382015774759	0.5608787563349634	0.7937219696194602
39	0.5811751914828012	0.7185393266463548	0.5532158527673627	0.7937219757670244
40	0.569862986280677	0.7252809003497778	0.5457783154307994	0.7959641282333921
41	0.5697310718257775	0.7174157312746798	0.5391040690276655	0.7937219736287412
42	0.5637824021028669	0.7174157316765088	0.5294925722840655	0.8026905856324953
43	0.5536058003982801	0.7415730343775803	0.5209258963174349	0.804932738098863
44	0.5440806666117036	0.7466292149565193	0.5142586568011297	0.8049327359605798
45	0.5397051471002986	0.7471910112359551	0.5062544957939284	0.8094170430315984
46	0.5320222731386678	0.7550561791055658	0.49838913235429155	0.8049327359605798
47	0.5289042495609669	0.7443820226058532	0.48899599361847335	0.8139013458260507
48	0.5215647333123711	0.7550561791055658	0.48060369344570175	0.8183856528970693
49	0.51671357235212	0.7561797744772407	0.4743544916400995	0.8206277989485873
50	0.5005431786681829	0.7764044935783644	0.46562870615266366	0.822869951414955
51	0.4962986840960685	0.7820224717761693	0.45684513583311587	0.8228699535532382
52	0.48833248883150937	0.7848314613438724	0.44844351688842604	0.8273542606242569
53	0.47998256160971825	0.789887638976065	0.44212849685429456	0.8295964149616224
54	0.47435616629846983	0.7915730334399791	0.43373853983900473	0.8385650248270933
55	0.46299335260069774	0.8039325840017769	0.42876176449215464	0.8273542624952547
56	0.4514435197530168	0.8005617994940682	0.41631516132654095	0.8363228662131613
57	0.4492220418506794	0.8078651671998957	0.41031798840638234	0.8452914822261964
58	0.4351154109065452	0.8185393269142408	0.40219510256442254	0.8497757871589319
59	0.42269015787692554	0.8286516852593154	0.39249737260052975	0.8475336285449999
60	0.42120101003164656	0.8331460658084141	0.3863794486886183	0.8497757871589319
61	0.40853998821772886	0.8325842712702376	0.37753190788452934	0.8497757810113676
62	0.4147988350203868	0.8286516845896003	0.37008739266160356	0.8609865433432061
63	0.40052314802501976	0.8320224716422263	0.3650460416960609	0.8587443948861195
64	0.3869978809624576	0.8303370798571726	0.3586444354912625	0.8609865473524871
65	0.3729485051685505	0.8528089903713612	0.3495582907456454	0.8654708482759416
66	0.37044665023182216	0.8528089878264438	0.3437668109153953	0.8677130026133071
67	0.3544081071789345	0.8685393267802978	0.33648180721052023	0.8721973075460425
68	0.35159132179249536	0.8657303366768226	0.3370936894496995	0.8632286976805716
69	0.35061456996403384	0.8511235964432191	0.3242794408926515	0.876681612478778
70	0.3352905917703436	0.8679775272862295	0.31686531588635636	0.8811659174115134
71	0.3279825853497795	0.8713483142049125	0.3097826785036267	0.8811659195497966
72	0.3228346378615733	0.8623595504278547	0.3053659727220578	0.8834080698778811
73	0.3166102386592479	0.8691011239973346	0.2965481622069406	0.8878923769488998
74	0.30542718202210545	0.8775280913610137	0.29098237950705624	0.8856502244825321
75	0.3003895085849119	0.8882022479946694	0.2907918128331146	0.8901345272769843
76	0.29840207622292336	0.8876404503758034	0.2822973244393353	0.8878923769488998
77	0.2834701361950864	0.8926966289455971	0.28047372026561085	0.8946188322097197
78	0.2814986585901025	0.8949438190192319	0.2726476788520813	0.8901345294152675
79	0.2836176574230194	0.9028089883622159	0.2717486412803154	0.899103137142455
80	0.25962083189005264	0.9095505613959237	0.26793617918886947	0.892376679743352
81	0.2547943977157721	0.9061797767542721	0.2574052614882388	0.8968609868143707
82	0.24703333799758653	0.9196629196070554	0.25283313058149653	0.9103139016125769
83	0.25952939876679626	0.90056179735098	0.2532145428416975	0.8968609846760874
84	0.25466153882862475	0.9151685389240136	0.2467164591021602	0.899103137142455
85	0.23698222965336918	0.9101123579432455	0.24396811960256687	0.9125560540789446
86	0.2402038684052028	0.9185393247711524	0.24277432683872	0.8991031350041718
87	0.2368089987655704	0.9011235944340737	0.23646319774501526	0.905829592403275
88	0.22550894480742764	0.9202247193690096	0.2331835113031447	0.9147982044070291
89	0.22616980095927636	0.9241573016295273	0.23081391795868297	0.9125560519406614
90	0.2143717205591416	0.9286516843217143	0.23360893257262996	0.9013452874705395
91	0.21315633540742854	0.9275280888160963	0.22617434372816386	0.9215246618061322
92	0.22112007630005312	0.9185393266463547	0.22825780387282907	0.9103138973360104
93	0.20245705638708694	0.9269662936082047	0.22259002502990946	0.9237668164107832
94	0.2012378178955464	0.9297752796933892	0.2228724776763018	0.9170403547351136
95	0.2034309044312895	0.9337078653024824	0.21823799399650684	0.9237668121342167
96	0.1935085152642111	0.9325842704665794	0.21519632553974075	0.9192825093397645
97	0.19513346830780587	0.9337078646327672	0.21338125662418758	0.9237668142725
98	0.19510786767756003	0.9275280906912986	0.21131380159625024	0.9237668142725
99	0.18161072272263215	0.9342696610461461	0.2103066014735688	0.9260089646005845

The optimal condition:
	epoch: 99
	train_acc: 0.9342696610461461
	val_acc: 0.926008964601
	using time: 167.749960899
