The number of train datas: 1750
The number of test datas: 438
epoch	train_loss	train_acc	val_loss	val_acc
0	0.7209258164678302	0.5159999989782061	0.6959936041810196	0.5114155248419879
1	0.7030417877605983	0.5222857135363987	0.6937825178991169	0.5456621026339596
2	0.7026002787862505	0.5228571434020997	0.6916110510151136	0.5479452030299461
3	0.6924549999237061	0.5251428577899933	0.6897563817294221	0.5525114179746201
4	0.6925881690979004	0.5177142846924918	0.6886279387016819	0.5547945210922799
5	0.689449136189052	0.540571429184505	0.687250554561615	0.5707762535304239
6	0.6887211351394653	0.5422857153756278	0.6863684689617593	0.5570776247542742
7	0.6844784114701408	0.5434285701342991	0.6855113392006861	0.5707762587016032
8	0.6858260022572109	0.5628571429252625	0.6841847259704381	0.5616438334390997
9	0.6779008599008832	0.5691428563935416	0.6828995613746991	0.5799086749825848
10	0.6792365057809012	0.5651428582327707	0.68136170084618	0.5730593571924183
11	0.6787011181967599	0.5657142859867641	0.67988494787042	0.5776255672380805
12	0.67932390832901	0.5725714272771563	0.6782691467842555	0.5844748836674102
13	0.6787049862316676	0.5645714283670697	0.6762805325255546	0.6027397252108952
14	0.6777947114535741	0.5720000014305114	0.6740057373155742	0.6073059385225653
15	0.674978379385812	0.5760000008174351	0.671570681273665	0.6073059385225653
16	0.6681688308715821	0.5942857135363987	0.6689352763297896	0.6232876690555381
17	0.6585415892601013	0.6114285706792559	0.6659966908633437	0.6232876676947015
18	0.6666280096599034	0.5999999995231629	0.6631840143573883	0.6347031974357012
19	0.6613392889840263	0.6045714283670698	0.6595100872048504	0.6438356175270255
20	0.6553682113374982	0.6285714294569833	0.6556161666569644	0.6598173526868428
21	0.6525231781005859	0.6177142844200134	0.6521699205381141	0.6643835640933415
22	0.6548342319216047	0.6302857143538338	0.6490297527073725	0.6712328750793248
23	0.6392616302626474	0.6594285725866045	0.6443157560749141	0.6872146115999788
24	0.6378160698073251	0.6554285712242126	0.6398450838376398	0.6917808189239676
25	0.6459923946516855	0.6297142849649702	0.6357423695799422	0.7009132390152918
26	0.6370274081230164	0.6485714283670698	0.6308293478673996	0.7054794504217905
27	0.6360728338105338	0.647428572859083	0.6270833200515677	0.7054794523269619
28	0.6222250490869795	0.6748571416309902	0.6209135243337448	0.714611873234788
29	0.6154730499131339	0.6880000011580331	0.6158225204302296	0.7168949774411171
30	0.6142553280421665	0.678857141835349	0.6089300567700983	0.7214611888476158
31	0.6097009571620396	0.681714284488133	0.6031792416964492	0.7191780824639481
32	0.5947433350426811	0.7142857154437474	0.5943177421343381	0.7511415508784116
33	0.6034825922421047	0.6971428585733687	0.5875526593156057	0.7557077655509182
34	0.5844507108415876	0.724000000681196	0.5813893281161513	0.7534246564455772
35	0.5757261607306344	0.7234285725866045	0.5732023620714336	0.7625570792585747
36	0.5748489546775818	0.7154285710198539	0.5643468540008754	0.77397260437273
37	0.5641648118836539	0.7399999998637609	0.5564351873855068	0.7808219153587133
38	0.5584178472246443	0.7411428580284118	0.5456171582822931	0.7876712298828717
39	0.5493200387954712	0.7462857136045183	0.5390120126885366	0.7899543354500375
40	0.5432831070763724	0.7445714297294617	0.5277818493102784	0.8036529669478604
41	0.5326299139772143	0.7537142842837743	0.5179443283168148	0.801369863285866
42	0.5229580587659564	0.7640000009536743	0.509382788721285	0.8082191769935224
43	0.5081662245477949	0.7731428578240531	0.49882427715275385	0.8082191769935224
44	0.5020814288003104	0.7839999988419669	0.487286207882781	0.8105022833771902
45	0.4836054859842573	0.8108571422440665	0.47692746019254534	0.8173515970848467
46	0.4840849242891584	0.7920000012261527	0.4673080042889129	0.8242009167801844
47	0.469164230959756	0.8068571414266313	0.4551189890190891	0.8173515984456833
48	0.4709143738746643	0.7880000004087175	0.4492898837888622	0.8310502304878409
49	0.4499163245814187	0.8222857139451163	0.43666812709477393	0.8378995450119994
50	0.4394476886136191	0.8159999993869237	0.42632532310268106	0.8447488619856638
51	0.43717965718678065	0.8274285705430167	0.4160622464467401	0.849315072031326
52	0.41245649279866897	0.8354285716329302	0.4050882969000568	0.8584474874958056
53	0.39890234882490977	0.8525714295932225	0.39387355044007843	0.8538812760893069
54	0.39732479861804415	0.8497142856461661	0.3861941242054717	0.849315072031326
55	0.3929204425130572	0.8439999988419669	0.37818507761715753	0.8561643870998191
56	0.37691867211886815	0.858285713672638	0.37465055089562993	0.8538812807161514
57	0.36819034709249227	0.8622857144900731	0.3605509713360164	0.8630137021683123
58	0.3648754702976772	0.8588571425165449	0.35015867929480393	0.8721461162719553
59	0.3625409136840275	0.8611428565297808	0.34474046548751935	0.8675799122139743
60	0.33242536766188485	0.8800000004768371	0.3337494315894227	0.8835616413861105
61	0.3444177998474666	0.8622857147625514	0.32928642807485853	0.8835616460129551
62	0.3315013793877193	0.8714285726547242	0.3202166014338193	0.8949771665002657
63	0.31746378602300374	0.8880000004768371	0.3132482484051082	0.894977172487947
64	0.30789002394676207	0.8851428565297808	0.31131200022893407	0.8858447496749494
65	0.30991532843453545	0.8879999988419669	0.3002714276585949	0.9018264861956035
66	0.29089605368886673	0.8977142859186446	0.29290229708092397	0.9018264875564401
67	0.2956687160560063	0.8954285713604518	0.2869793014711441	0.9063926962412656
68	0.2845055876459394	0.8971428568022591	0.2866042088972379	0.9018264834739301
69	0.28700913902691433	0.9028571422440665	0.2766721101656352	0.90867579990326
70	0.28272757601737974	0.8942857142175947	0.2738113717673576	0.9132420099489221
71	0.2655199642521994	0.9074285716329302	0.2685474014445527	0.9132420099489221
72	0.26413270909445624	0.903428572177887	0.2623060042183149	0.9223744300402463
73	0.2549198216710772	0.9108571414947509	0.25921940817136196	0.9155251176934264
74	0.24698619062559946	0.9125714274815151	0.25473094871055046	0.9223744286794097
75	0.25336579266616277	0.9114285703386579	0.2491289808597739	0.9246575350630774
76	0.24098645561082022	0.9165714279583522	0.24531374130074837	0.9269406400859084
77	0.23755616349833353	0.917714287008558	0.24830326451558501	0.9132420072272488
78	0.23681767170769827	0.9171428560529437	0.24128154219557704	0.9246575337022407
79	0.23211182161739893	0.9211428557804653	0.23604299447852184	0.9315068487707339
80	0.21862851411955697	0.9234285703386579	0.23223035289272326	0.9292237451087394
81	0.21814566796166557	0.917714287008558	0.2370376686255137	0.9200913217514073
82	0.21812438017981392	0.9257142846243722	0.2318012253062366	0.9269406373642352
83	0.21771208207947867	0.9228571438789368	0.22443107573409057	0.9292237451087394
84	0.2153801806994847	0.9285714272090367	0.2254007446439299	0.9315068474098972
85	0.2156507909297943	0.9200000010217939	0.22279204285308107	0.9360730574555594
86	0.20157097382204872	0.9388571420397077	0.21965682166352118	0.9292237464695761
87	0.22010890434469496	0.9239999991825649	0.21843937542884861	0.9360730574555594
88	0.20159483318669455	0.9285714298657008	0.21517798290949433	0.9337899537935649
89	0.19811445105075837	0.9359999986376081	0.2120961337329046	0.9360730601772326
90	0.19035733238288335	0.9348571420397077	0.20931431923282745	0.9360730601772326
91	0.19723626480783735	0.9302857134682792	0.20753828779747496	0.9383561652000636
92	0.18778975924423763	0.9411428584371294	0.20605791295500106	0.9383561652000636
93	0.19511645366464342	0.9400000010217939	0.2050750017438305	0.9406392688620581
94	0.18330019668170383	0.9348571438789368	0.20344097810248807	0.9383561652000636
95	0.1811301898615701	0.9445714277539935	0.20233737537849983	0.9360730601772326
96	0.18074315503665378	0.9462857155799865	0.19994480016569025	0.9429223738848891
97	0.18097442606517247	0.9411428578921727	0.19877383289816172	0.9429223738848891
98	0.1764031584603446	0.9422857129233224	0.20032586871761165	0.9337899565152382
99	0.17820276725292206	0.941142856325422	0.19792519326079383	0.9429223725240524

The optimal condition:
	epoch: 97
	train_acc: 0.9411428578921727
	val_acc: 0.942922373885
	using time: 147.215416908
