The number of train datas: 5338
The number of test datas: 1336
epoch	train_loss	train_acc	val_loss	val_acc
0	0.7045672337809677	0.4956912701497948	0.6950154425855168	0.501497006523395
1	0.6950160044550047	0.5179842637022053	0.6922044936054481	0.5164670664036345
2	0.6947277655490733	0.5118021735898473	0.6897647430796823	0.5291916171233811
3	0.6896273772249333	0.5312851255263403	0.6875810555355277	0.529940119582022
4	0.6890121753316731	0.5380292244509571	0.6856571446635766	0.5411676650275727
5	0.6851592417645874	0.5502060701579984	0.6833290222162258	0.561377244973611
6	0.6815078144620179	0.5655676283698798	0.6804281173351996	0.5688622754491018
7	0.6765603858596513	0.5813038595252468	0.676919232228559	0.5890718561089682
8	0.6744402912771625	0.5899213188013454	0.6725530917059162	0.6055389216203175
9	0.6694701311515932	0.5910453351529272	0.6673351761823643	0.625000000356914
10	0.6620772185286318	0.6054702134961356	0.660668890633269	0.6414670651544354
11	0.6546156246950672	0.6305732487872907	0.6524001681162211	0.6519461088551732
12	0.6467876540850771	0.638066691555482	0.6457083314478754	0.6482035926359142
13	0.6343974827960798	0.6519295619462214	0.6320355463170719	0.6736526949676925
14	0.6195271302805987	0.6721618586642414	0.6198735801045766	0.6818862264741681
15	0.6054196502216392	0.6856500564911429	0.6068452361101162	0.6938622743783597
16	0.5906851894625924	0.7034469841794156	0.5940285874697977	0.6983532937700877
17	0.5782695803895966	0.7107530913133218	0.583444180959713	0.7028443117341595
18	0.5611727324015373	0.7201198948461405	0.5722137361229537	0.7118263473053892
19	0.5508384559430537	0.721993256169073	0.5626146375776051	0.717065867906559
20	0.5371366789743846	0.7375421504172193	0.5529930798593395	0.7223053895784709
21	0.522918081777111	0.750281003808743	0.5398886168074465	0.7335329337748225
22	0.5052636517661928	0.758711127964197	0.5281657151833266	0.7470059876670381
23	0.49933371836659435	0.7710753087918827	0.5178674013314847	0.750748503350926
24	0.48087927429986027	0.779505432523025	0.5011148663338073	0.7664670669390056
25	0.4648404482398957	0.784750843213354	0.4870234304916359	0.7724550887496172
26	0.4439971811229167	0.8019857621228663	0.4721240492281086	0.7806886220406629
27	0.43021845190031066	0.8143499434418605	0.45033025116977576	0.7919161687354128
28	0.40786292795029055	0.8218433867236924	0.4346882279761537	0.8053892204861441
29	0.39611850934066145	0.8313975273200571	0.40828595653979366	0.8255988027521236
30	0.3724137876935111	0.844136380287269	0.3964516607944123	0.8270958094539756
31	0.3574324981154195	0.8544398652296827	0.36738248214036406	0.8495508978466788
32	0.33828435426751696	0.8628699883801877	0.3466950872701085	0.8585329337748225
33	0.31855504746828334	0.876545522801659	0.32784327730804147	0.8742514980767302
34	0.30310604228603566	0.8801049083169814	0.3162518865512517	0.879491019034814
35	0.2889226015117026	0.8842263020974235	0.300032113305109	0.8862275459809218
36	0.27229012081622184	0.8990258524908292	0.2938142810574549	0.8892215576000556
37	0.26388070406025826	0.9037092540227505	0.28672646128845786	0.8899700605940676
38	0.24810273475797046	0.9072686400740456	0.2651713771555952	0.8982035938851134
39	0.23988177266939162	0.9091420003473647	0.2812200668240022	0.8899700605940676
40	0.22827233520953027	0.9175721244581544	0.2506754652647201	0.9034431144862831
41	0.2219393921003399	0.919632820857067	0.25097462985508456	0.9034431144862831
42	0.20482778971831242	0.9237542146375091	0.23262888380510363	0.9131736537653529
43	0.20165504699970016	0.925252903776251	0.23269118395394195	0.908682635444367
44	0.19786258010872745	0.9289996248588619	0.2428864067989195	0.9041916174802952
45	0.18994497109459954	0.9278756084179512	0.22818671809342092	0.908682635444367
46	0.1868588996038494	0.9353690516551186	0.21597548890970425	0.9169161687354128
47	0.1796492168065	0.9338703630076852	0.21229843206391363	0.9161676635999165
48	0.17197557145421896	0.9351817155741895	0.2105942569271533	0.9169161665939285
49	0.16919553416103136	0.938179092824392	0.21416265223019137	0.9199101803545466
50	0.16218000139556785	0.9436118397073113	0.22764181390315472	0.9101796414323909
51	0.15130607567172052	0.9443611840533602	0.2115723358656832	0.9199101803545466
52	0.148656337523715	0.9462345448179877	0.20285968870638374	0.9214071863425706
53	0.14938946124675703	0.9441738474364583	0.19949984470170415	0.9214071866994846
54	0.1427566793783187	0.9499812664365714	0.19714473812523003	0.9221556896934966
55	0.1403139746671493	0.948857249459688	0.19666080011757547	0.9229041923305945
56	0.13837059163486704	0.9505432741657184	0.19322861008301467	0.9258982046635565
57	0.1372562552512295	0.9529786432177978	0.19477875570872585	0.9258982043066425
58	0.1324230917872852	0.9550393400856867	0.19530756927714377	0.9258982043066425
59	0.12923038574183376	0.9557886844540678	0.2012733405757093	0.9281437132886784
60	0.12991620409841526	0.9548520040047576	0.20060680347109983	0.9273952102946664
61	0.1302884945812722	0.9511052828998144	0.19006487794086604	0.9288922162826904
62	0.12503433228655672	0.9600974148290797	0.19277077360067538	0.9288922166396044
63	0.11600590110070788	0.961221430778682	0.1986565459185018	0.9296407192767023
64	0.11787052375797298	0.9548520040047576	0.2190440137630808	0.9176646710155967
65	0.11265647370031863	0.9621581112056602	0.18900498752287048	0.9288922162826904
66	0.11023364723867672	0.9621581112056602	0.1860799222381529	0.9303892226276284
67	0.11197528600380098	0.9612214313146549	0.19017285925007152	0.9266467073006545
68	0.10657797083565697	0.9636568003220699	0.18953228045901852	0.9296407192767023
69	0.10862346664043168	0.9619707755937073	0.1864981029829579	0.9311377252647263
70	0.1038066739556315	0.9653428245814564	0.1948107197702288	0.9296407192767023
71	0.09926161228906978	0.966654177616937	0.18823190497424075	0.9303892222707143
72	0.0960559063008681	0.9679655302057735	0.19599272252735264	0.9311377252647263
73	0.09128298374844115	0.9677781935888714	0.18953094287903724	0.9333832342467622
74	0.0963346378360629	0.9645934807267159	0.18573370883743207	0.9326347312527502
75	0.09625916110136036	0.9672161853907483	0.1837808420647404	0.9311377256216403
76	0.0920475952776687	0.968340201831659	0.18551769433264248	0.9318862282587382
77	0.09560571345313965	0.9685275384262287	0.18426147518222202	0.9311377256216403
78	0.089236313568581	0.9677781941248442	0.18510828698109724	0.9303892226276284
79	0.08780065407217912	0.9687148740381818	0.19085978315083565	0.9311377252647263
80	0.08894415596711497	0.968714874507158	0.18914259519584165	0.9318862282587382
81	0.0883572907031766	0.9698388904790924	0.18803327343242612	0.9356287432287982
82	0.08253209176900772	0.9707755709060706	0.1949198758619988	0.9333832342467622
83	0.07707874548093528	0.9748969652001533	0.1919255464109118	0.9363772462228102
84	0.08294689559833796	0.9717122518466894	0.19801285755848455	0.9356287432287982
85	0.08368624130570294	0.9704008987218801	0.19970703169614254	0.9318862282587382
86	0.0745519547956675	0.975271637384344	0.18969175835212548	0.9333832342467622
87	0.07417291324514493	0.9760209816410641	0.19121972935463855	0.9311377256216403
88	0.07988531460148782	0.9737729482009376	0.1893941733740761	0.9356287432287982
89	0.0734224179951539	0.9758336450688264	0.21873124269489758	0.9244011983186186
90	0.0703695783438353	0.9777070063694268	0.20669874267842242	0.9296407192767023
91	0.07316414433199621	0.9752716373620117	0.20683336489928697	0.9303892222707143
92	0.07011438520124853	0.9773323337609243	0.20127013771833774	0.9311377252647263
93	0.06981936869001781	0.9773323342299006	0.19238593041182991	0.9333832346036762
94	0.07097566645186285	0.9756463089878973	0.22101994153268323	0.9221556889796685
95	0.06957847981076197	0.9782690141209058	0.20844893746390314	0.9303892222707143
96	0.06613271885840086	0.977519670333162	0.20218208097590656	0.9296407192767023
97	0.0645898714516439	0.9775196698195213	0.2022333191540427	0.9303892222707143
98	0.0660756150181707	0.9775196698195213	0.20409087716283913	0.9296407192767023
99	0.06667818115663332	0.9775196702884975	0.19399219800433712	0.9341317375976882

The optimal condition:
	epoch: 83
	train_acc: 0.9748969652001533
	val_acc: 0.936377246223
	using time: 459.371213913
