The number of train datas: 3610
The number of test datas: 904
epoch	train_loss	train_acc	val_loss	val_acc
0	0.7030125774505066	0.5246537395461445	0.6925924699918359	0.5188053097345132
1	0.7042136504709555	0.5058171745812794	0.6892876551214573	0.5387168141592921
2	0.6986372561335894	0.5182825485094763	0.6872299271347249	0.5575221238938053
3	0.6946730174186158	0.5210526315459254	0.685697335057554	0.577433628318584
4	0.689524076222713	0.538781163451414	0.6844179440388637	0.5730088495575221
5	0.685255284256552	0.5556786702940669	0.6828002992984468	0.5873893805309734
6	0.6842367983921083	0.5501385043532564	0.6814784317944957	0.5962389380530974
7	0.680191575985536	0.5653739611858146	0.6801886516334736	0.5973451327433629
8	0.6783555145078749	0.5772853185760678	0.6781831536672812	0.6095132743362832
9	0.6778465718113484	0.5736842106914256	0.6763324980187205	0.6183628318584071
10	0.6753785279649116	0.5825484766524254	0.6743600737732068	0.6194690265486725
11	0.6685832286145218	0.5914127422501836	0.6713066280415628	0.6183628318584071
12	0.6667782475083158	0.6066481993799394	0.6679607207796215	0.6272123893805309
13	0.6673861801789408	0.5930747922437674	0.6651079317109775	0.6272123893805309
14	0.6606854817873884	0.6094182827135862	0.6615332375585505	0.6338495575221239
15	0.6586138243160089	0.6160664819944598	0.6577521552026799	0.6371681415929203
16	0.6516067673625048	0.62243767306415	0.6535779691375463	0.6460176991150443
17	0.6469290583747906	0.6204986148263609	0.6482630962819125	0.6570796460176991
18	0.6385168000931886	0.6393351800554017	0.6427716966223928	0.665929203539823
19	0.6356381460570233	0.6434903048412292	0.6372757585702744	0.668141592920354
20	0.6364372788373783	0.64321329636587	0.6317622387303715	0.6692477876106194
21	0.6231032935205919	0.6689750691860337	0.6240468515759021	0.6803097345132744
22	0.6169976629378723	0.6720221607969078	0.6157210901775191	0.6869469026548672
23	0.608314248465435	0.6753462603217677	0.6100961064870378	0.6825221238938053
24	0.5972215585761453	0.6864265929298717	0.5978615880012512	0.6957964601769911
25	0.5857032915231594	0.7022160664159506	0.5860808196320998	0.7289823008849557
26	0.5720155441860083	0.7180055400341171	0.575602487125228	0.7157079646017699
27	0.5668239832254658	0.7210526315789474	0.5635889568160065	0.7278761061946902
28	0.5537749493881606	0.7218836567078271	0.5516157334884711	0.7411504424778761
29	0.533604382444947	0.7498614957788314	0.5316453781803098	0.7699115044247787
30	0.5197071501422788	0.7529085873897056	0.5155585038978442	0.7842920353982301
31	0.5012544124410423	0.7759002769752883	0.4983775657890117	0.8008849557522124
32	0.4790360765278835	0.7817174514244798	0.47625106309367493	0.8075221238938053
33	0.4544794840000343	0.7997229915576628	0.46183795475326805	0.8141592920353983
34	0.44883568785527406	0.8088642659940217	0.43767202375209435	0.8296460176991151
35	0.4332173353251988	0.8155124654730271	0.420311857113796	0.8351769911504425
36	0.4089152224506368	0.8346260386820975	0.40031449773670297	0.8528761061946902
37	0.38511372330776544	0.8387811632697932	0.3776780092610722	0.8617256637168141
38	0.36990416825973427	0.8587257618388972	0.3580499634278559	0.8727876106194691
39	0.3524363160958911	0.866481994327746	0.33847317917157066	0.879424778761062
40	0.3382305235908963	0.8700831025591187	0.3224208544840855	0.8915929203539823
41	0.32441223854833695	0.8817174515565677	0.3072891936892957	0.8938053097345132
42	0.3022634359112737	0.8911357339069124	0.29037288648892295	0.8993362831858407
43	0.28351360991225677	0.8952908587257618	0.27571477009131845	0.9048672566371682
44	0.25965865152034073	0.909972299235019	0.26204369869907346	0.9048672566371682
45	0.25936007159568597	0.9096952907266379	0.25361458126422576	0.9037610619469026
46	0.2494143135494803	0.9094182823833666	0.24212869553439384	0.911504424778761
47	0.23506751473260387	0.9155124654069832	0.2313294257737894	0.915929203539823
48	0.2267717493372941	0.9182825484764543	0.2510596304076963	0.8960176991150443
49	0.22595762603831093	0.9182825485094762	0.21947389366352452	0.9170353982300885
50	0.21138818450581665	0.9285318557905688	0.20935451641546943	0.9192477876106194
51	0.19519348860282318	0.9360110801342781	0.2003634788293754	0.922566371681416
52	0.19202964409896872	0.9373961217515686	0.20497956291764183	0.9214601769911505
53	0.18053019301878118	0.9371191136064292	0.18809451466113064	0.9325221238938053
54	0.17620068945795545	0.9407202214085164	0.18461005271008585	0.9292035398230089
55	0.16791187935918983	0.9440443213626618	0.1777786269652105	0.9347345132743363
56	0.15933610228125078	0.9509695291188945	0.17343416836409442	0.9380530973451328
57	0.16428466350087828	0.9393351801214456	0.17005855847248988	0.9336283185840708
58	0.1544769349128751	0.9506925207756233	0.16691658955759706	0.9380530973451328
59	0.15585714089697086	0.9462603878116344	0.16901658066606098	0.9347345132743363
60	0.14336828658785516	0.9529085872576177	0.16119121608480944	0.9413716814159292
61	0.143274063309474	0.9559556784722283	0.15755242135672443	0.9435840707964602
62	0.1343462641301908	0.9559556784722283	0.15427170245520835	0.9380530973451328
63	0.13075705282906086	0.9551246535745024	0.15358403391015213	0.9413716814159292
64	0.13303566863166988	0.9554016618517297	0.14875817021964927	0.9446902654867256
65	0.126386731033345	0.9628808864265928	0.14639643573128017	0.9457964601769911
66	0.12477537551249823	0.9581717451853765	0.14445940002930902	0.9457964601769911
67	0.11790127764943564	0.9609418282548476	0.1414936361587153	0.9491150442477876
68	0.11501579585993389	0.9609418282878696	0.14560708865127733	0.9457964601769911
69	0.11554789409412902	0.9626038779182117	0.14158062148938136	0.9457964601769911
70	0.11463547313271137	0.9617728531855956	0.14517013794552963	0.9446902654867256
71	0.10892567013975986	0.9650969529085872	0.14498454938947627	0.9457964601769911
72	0.11007595821761028	0.966481994261702	0.13850526920462078	0.9480088495575221
73	0.1035259151640361	0.970083102294943	0.13442311468905052	0.9491150442477876
74	0.10594497951279057	0.9653739612518585	0.13549104965893569	0.9491150442477876
75	0.10139186766586805	0.9681440443213296	0.13295397294306122	0.9502212389380531
76	0.09579788500912632	0.9700831025260968	0.12989854285147337	0.952433628318584
77	0.09562884545227167	0.9714681438461895	0.14058206573260568	0.9502212389380531
78	0.09899223744456458	0.9728531855955679	0.12991392968502719	0.952433628318584
79	0.09643068007732693	0.9698060941828255	0.12742856276773773	0.9535398230088495
80	0.08774946049640053	0.9742382271468144	0.1271973688781789	0.9535398230088495
81	0.09458655853680957	0.9684210524664691	0.12864352775885995	0.9502212389380531
82	0.08670011903275414	0.9728531856285898	0.12546470893167816	0.9513274336283186
83	0.08554180917482297	0.9742382269486827	0.12984986735128723	0.9513274336283186
84	0.09144012465701538	0.9673130193905817	0.12517253817182727	0.9535398230088495
85	0.08595027881687367	0.974792243767313	0.12397727937297484	0.9546460176991151
86	0.08079359940049391	0.9750692518794305	0.12591411687631524	0.9546460176991151
87	0.08467455345755469	0.9725761772853185	0.12374442631164484	0.952433628318584
88	0.07854197962297296	0.9770083102493075	0.12470043885760602	0.9513274336283186
89	0.07761847201394242	0.9783933516024222	0.12158315806789735	0.9557522123893806
90	0.07185966216048376	0.9803324099722992	0.12302425055377252	0.9513274336283186
91	0.08142622014987502	0.9745152354900857	0.1344776427851314	0.9546460176991151
92	0.0772754584550032	0.9770083102493075	0.12415040119559365	0.9546460176991151
93	0.07469970750676629	0.9742382271798363	0.14027437818261373	0.9469026548672567
94	0.07039282454843336	0.976454293463699	0.11965575405454214	0.9535398230088495
95	0.07160209163280405	0.9789473684210527	0.12823803261318037	0.952433628318584
96	0.07375990721162336	0.9767313017409264	0.11993157006470503	0.9557522123893806
97	0.06475806835615734	0.9806094180844167	0.12130078963473835	0.956858407079646
98	0.0625518684118078	0.9836565096952908	0.12258869198571264	0.9557522123893806
99	0.06387870174489524	0.9808864265927978	0.11857661802684312	0.9513274336283186

The optimal condition:
	epoch: 97
	train_acc: 0.9806094180844167
	val_acc: 0.95685840708
	using time: 112.97954607
