The number of train datas: 5156
The number of test datas: 1290
epoch	train_loss	train_acc	val_loss	val_acc
0	0.7104555904819024	0.5067882080055929	0.6854024169981018	0.5488372093485308
1	0.6884097670103063	0.5389837082085266	0.6780397960381914	0.5790697674880656
2	0.6783928725033236	0.5684639253849387	0.6697588726531628	0.6108527132244997
3	0.6689788688052246	0.584755624376405	0.6599281352619792	0.6348837209764377
4	0.652164383901932	0.6272304109864868	0.6465506481569867	0.6627906978592392
5	0.6388364946130082	0.6439100078966749	0.6331817459690479	0.6728682170542636
6	0.6237690907471674	0.6605896042057301	0.6140064647955488	0.6992248062939607
7	0.6016802855292617	0.6898758727233478	0.5948830543562423	0.7108527132707049
8	0.5768220963822122	0.7187742434147257	0.5723163676816364	0.7170542636583018
9	0.5540931936471938	0.7337083010085338	0.5508478081503579	0.7325581393500631
10	0.5345553248034048	0.7490302561048947	0.5303684227226316	0.7511627905128538
11	0.5074919448562886	0.767455391637848	0.5085428456927454	0.7682170540787453
12	0.4838947935840527	0.7829712954392444	0.48493129070415053	0.7868217052415359
13	0.4640848837081918	0.7928626842051166	0.45898835354073103	0.8085271315981252
14	0.4328769567495543	0.8091543831041009	0.43136521831963415	0.8162790695826213
15	0.40559415649868336	0.8289371604508814	0.40360670366952583	0.8356589145438615
16	0.37712566273632303	0.8423196276183088	0.3761345748291459	0.8612403098926987
17	0.34796592593193054	0.8609387121337435	0.3482200030208558	0.8682170540787453
18	0.3288167501208022	0.8743211793474119	0.322247226940569	0.876744185861691
19	0.29763106214528495	0.8882854924449817	0.3012593223605045	0.8883720928384352
20	0.27306991943885783	0.9022498058662385	0.28116054128306783	0.8976744184198305
21	0.255518870172434	0.9069045773765854	0.264818769346836	0.9077519379844962
22	0.24185125438440114	0.9127230412558681	0.25026174515716787	0.9131782945736434
23	0.23167872831190714	0.9208688905203962	0.24024045878602554	0.9170542635658915
24	0.21649896610698743	0.9261055082845725	0.2350790117946706	0.924031007751938
25	0.20140619476559182	0.9334755625902358	0.22255757159964984	0.9248062015503876
26	0.2005258800680088	0.9309542278988219	0.21781488964261936	0.9286821705426357
27	0.18322515507901335	0.941233514259729	0.21266315833542698	0.9286821705426357
28	0.1767731111314613	0.9435608998299385	0.20961318429588346	0.9325581395348838
29	0.17453262135906678	0.9420093096810038	0.20691061837728633	0.9325581395348838
30	0.16831090033655485	0.9491854148654627	0.19983258148034413	0.9372093023255814
31	0.15852421783402135	0.949767261304256	0.1969530482971391	0.937984496124031
32	0.14966641356077556	0.9542280836933985	0.19726765405877617	0.9395348837209302
33	0.15687201216042365	0.9511249029331192	0.19258446144734243	0.9403100775193799
34	0.14895477208046604	0.9524825446082235	0.1913128404307735	0.9403100775193799
35	0.14317557144017068	0.954422032398434	0.19115439339779144	0.9395348837209302
36	0.13641982444087325	0.9581070595512656	0.19109288011063902	0.9403100775193799
37	0.13794411981263024	0.9555857252760207	0.18513529194995415	0.9426356589147287
38	0.13349452667672382	0.9592707524288524	0.18477270400454832	0.9426356589147287
39	0.1334807163666532	0.9586889060363	0.18602320005496342	0.9418604651162791
40	0.12636284027291972	0.9643134210718243	0.18114832469890285	0.9426356589147287
41	0.12354182432311	0.9617920867040973	0.17982672758458196	0.9426356589147287
42	0.12603460671922048	0.9637315750029588	0.18151779550799105	0.9441860465116279
43	0.12348662580372845	0.9623739331891317	0.1789667157470718	0.9449612403100776
44	0.12096218777498226	0.9643134213955112	0.17791491585184438	0.9457364341085271
45	0.11931271955972036	0.9619860356865787	0.17746409719535547	0.9449612403100776
46	0.11816424857088074	0.9666408068269977	0.17622976550875707	0.9457364341085271
47	0.1127771505026784	0.9674166020170675	0.1751083917915821	0.9488372093023256
48	0.11311048919535867	0.9666408066420337	0.17441423884773438	0.9457364341085271
49	0.10810263180936187	0.9683863458196907	0.17452004910554997	0.9472868217054263
50	0.10590564457250252	0.9695500386972775	0.17582709884285463	0.9449612403100776
51	0.10108591770194038	0.9705197827773467	0.17485075962347116	0.9472868217054263
52	0.10193245015789873	0.9691621411022426	0.17332743235914283	0.9503875968992248
53	0.10482873035561585	0.9687742435996897	0.17379193317809308	0.9457364341085271
54	0.09929854685803362	0.9707137314823823	0.17490954912274845	0.9457364341085271
55	0.09980294763856937	0.9689681922122432	0.17167236631115276	0.9496124031007752
56	0.09609664820677971	0.974010861132661	0.17224942625955095	0.9496124031007752
57	0.09277760942052556	0.9745927075252133	0.17652007381814394	0.9449612403100776
58	0.09281568714728922	0.9728471682550742	0.17327702716859275	0.9496124031007752
59	0.0984149270736496	0.9691621411022426	0.17083148204598778	0.9503875968992248
60	0.09477996088627977	0.9734290146476267	0.17339495750822762	0.9449612403100776
61	0.0853423074442717	0.9726532195500388	0.1713165245950222	0.9503875968992248
62	0.09163016236919687	0.9742048097452144	0.17113723427115024	0.9496124031007752
63	0.08817359150508007	0.9743987587276959	0.17049943970213102	0.9511627906976744
64	0.08992293551044006	0.9738169121501795	0.16865487314991712	0.9511627906976744
65	0.08915084109138018	0.9728471683475562	0.168950874514358	0.9472868217054263
66	0.0891889401525837	0.9726532194575568	0.1732596563218638	0.9441860465116279
67	0.08461407168000312	0.9771140418004582	0.1689954951116743	0.9503875968992248
68	0.08434409012944316	0.9734290146476267	0.17148449055908263	0.9465116279069767
69	0.08364764864276877	0.9747866563227308	0.16901280600721985	0.9527131782945737
70	0.0835688006916048	0.9763382466103885	0.16943217379351458	0.9472868217054263
71	0.07889353354440538	0.9749806051202482	0.1733916196481202	0.9465116279069767
72	0.08069054349459262	0.978277734493081	0.17024652690215167	0.9496124031007752
73	0.08102686249465328	0.9767261442979054	0.1721135859818075	0.9472868217054263
74	0.07948108980268864	0.9790535298681148	0.16851027954167636	0.9503875968992248
75	0.08062754235034585	0.9759503489228716	0.16959081625118275	0.9488372093023256
76	0.07511497350500664	0.9796353762606672	0.1693708408652812	0.9488372093023256
77	0.07593454995110943	0.9778898369905281	0.17240819754439962	0.9465116279069767
78	0.0760714037270163	0.9776958881930107	0.16913057198935702	0.9472868217054263
79	0.07462649455451521	0.9798293249657026	0.16959412834903068	0.9457364341085271
80	0.07204094896189828	0.9806051201557725	0.16977598665412083	0.9511627906976744
81	0.07301781297053729	0.9775019393954932	0.17062462912222673	0.9472868217054263
82	0.07280770345331626	0.9788595809781153	0.17358959126466697	0.9465116279069767
83	0.07191863799391096	0.9776958881930107	0.16921802147529846	0.9503875968992248
84	0.0684839619122752	0.982544608130947	0.17126779734164246	0.9503875968992248
85	0.06916816989458444	0.9792474786656322	0.17186989461671012	0.9472868217054263
86	0.06530925261161649	0.9806051202482544	0.175378899625683	0.9465116279069767
87	0.06496657520211811	0.9829325058184639	0.17456045438961465	0.9472868217054263
88	0.06832487584374226	0.9817688130333592	0.1717161566769892	0.9496124031007752
89	0.06929245680755566	0.9806051201557725	0.1715457882067954	0.9488372093023256
90	0.06555382987734326	0.9815748642358417	0.1728652663500041	0.9503875968992248
91	0.06303720504964526	0.9823506594259116	0.17447286839633025	0.9480620155038759
92	0.06221607844782393	0.9833204033210169	0.17606374594967725	0.9457364341085271
93	0.0652068731186462	0.9831264546159814	0.17376837916961013	0.9503875968992248
94	0.060327163515966516	0.9831264546159814	0.17798780009381532	0.9457364341085271
95	0.060490178948599205	0.982544608130947	0.17361640338172285	0.9511627906976744
96	0.06434588288040102	0.9817688129408771	0.17728275244030378	0.9472868217054263
97	0.05984577066658817	0.9831264545234993	0.1750243242714525	0.9488372093023256
98	0.06134531949411953	0.9813809154383243	0.17654176084396914	0.9472868217054263
99	0.060633121319895476	0.9821567105359121	0.17742384740461906	0.9465116279069767

The optimal condition:
	epoch: 69
	train_acc: 0.9747866563227308
	val_acc: 0.952713178295
	using time: 479.738336086
