The number of train datas: 2236
The number of test datas: 560
epoch	train_loss	train_acc	val_loss	val_acc
0	0.7088418794872509	0.5044722714876233	0.6972361837114607	0.49821428656578065
1	0.7031064054833756	0.5062611814261763	0.6960637211799622	0.5053571437086378
2	0.7009093974698635	0.5102862251359362	0.6941801769392831	0.5178571424313954
3	0.6895318245631851	0.5438282647584973	0.6906035270009722	0.5392857134342194
4	0.6924103964420039	0.5281753129524067	0.6891865457807268	0.5446428579943521
5	0.6917484623375008	0.5214669049212672	0.6874343105724879	0.5624999991485051
6	0.6899868373580823	0.5456171742705411	0.6859043547085353	0.5678571437086378
7	0.6847312732971205	0.562611806691226	0.6841838615281242	0.567857141154153
8	0.6905110514654457	0.5451699463327371	0.6832282083375113	0.5803571428571429
9	0.68000655204111	0.5688729882240295	0.6816444533211844	0.5839285705770765
10	0.678897697191972	0.5720035776042768	0.680314132145473	0.5857142865657806
11	0.6804785209179778	0.5715563509459999	0.6789007033620562	0.5928571437086377
12	0.6779788962843593	0.572450805222199	0.6762389029775348	0.5982142848627908
13	0.6757298160964134	0.5599284436493739	0.673377880028316	0.6196428571428572
14	0.6710162062551126	0.5863148485825186	0.6708529898098536	0.625
15	0.6679173512834129	0.5885509838998211	0.6680538994925362	0.6339285731315613
16	0.6699399000203673	0.5957066196021965	0.6656919888087681	0.6339285714285714
17	0.6623116049229139	0.6050983894489745	0.6624479447092328	0.6303571445601327
18	0.6606764985325084	0.6207513420014561	0.6584712011473519	0.6374999982970101
19	0.6562722666532281	0.6162790703005783	0.6549184918403625	0.6499999982970102
20	0.6543502146528104	0.6198568880451386	0.6503982952662877	0.6607142874172756
21	0.6491641985495743	0.6346153845087573	0.6456148505210877	0.65
22	0.6444598084485594	0.6359570668293879	0.6422523617744446	0.6696428571428571
23	0.6384120541949605	0.6471377457617007	0.6370039003235953	0.6785714268684387
24	0.6358399901918947	0.6525044724851686	0.6304427759987967	0.6785714302744185
25	0.6304743028710694	0.6453488377424387	0.6254573379244123	0.6803571428571429
26	0.619050161676458	0.6757602857988935	0.6187999061175755	0.6875
27	0.6223773236564746	0.6632379246525772	0.6129274896212986	0.6910714302744184
28	0.6217517140513029	0.6650268337381121	0.6063525864056178	0.694642858845847
29	0.6167574484361092	0.6730769230769231	0.6021169713565282	0.7035714302744184
30	0.6037445028907285	0.6811270118825977	0.5936615943908692	0.7089285697255816
31	0.5956570235262617	0.6905187829022758	0.5865965042795453	0.717857141154153
32	0.590911308746645	0.6990161008186545	0.578462871483394	0.7214285714285714
33	0.5814552040560728	0.7186940962811915	0.571985125541687	0.7357142874172755
34	0.5756918267615153	0.7052772805387943	0.5638555339404515	0.7392857159887042
35	0.5659512495738662	0.7119856883033657	0.5574654442923409	0.7464285731315613
36	0.5687888964130968	0.7227191417503016	0.5495214700698853	0.7535714302744184
37	0.5586428057955501	0.7213774597495528	0.543032259600503	0.755357141154153
38	0.5522367151350795	0.7262969591749802	0.5346428547586713	0.7625000017029898
39	0.539915036856595	0.7500000002132545	0.5333870257650103	0.7642857159887041
40	0.5454305094768408	0.7392665478325914	0.5249298214912415	0.7678571445601327
41	0.5249715240568935	0.747763863723052	0.5123290623937334	0.7767857159887042
42	0.5230915792726234	0.749999999253609	0.5044201936040605	0.7803571445601327
43	0.5213092747869134	0.749999999253609	0.498685884475708	0.7821428571428571
44	0.510608373046561	0.7598389984243458	0.49040277259690424	0.7821428571428571
45	0.48696713653361434	0.7875670843985938	0.48090177859578814	0.775
46	0.480204749139349	0.7866726295892582	0.47370799439294	0.794642858845847
47	0.477283928176798	0.7893559935907558	0.46142581530979704	0.8053571428571429
48	0.4653601055708256	0.7951699455863461	0.4539261979716165	0.8196428571428571
49	0.4643676325758796	0.7902504476537004	0.4458353766373226	0.8125
50	0.458149755043719	0.7924865835041394	0.43806313872337344	0.8214285714285714
51	0.44893526631092556	0.802772809333153	0.4302841867719378	0.8285714285714286
52	0.43719894776190754	0.8130590347356574	0.41942920088768004	0.8267857142857142
53	0.4241893853932246	0.8193202154154428	0.40875823753220697	0.8321428571428572
54	0.42188247089309217	0.825134168157424	0.3994845901216779	0.8339285714285715
55	0.41410829262784643	0.8246869407527562	0.39386087230273653	0.8392857159887042
56	0.3968946672509523	0.8363148481560094	0.383059161901474	0.8464285714285714
57	0.3907705626462141	0.8398926661138244	0.3781824375901903	0.8392857125827244
58	0.3820707316048883	0.8479427543863628	0.37250033702169144	0.842857141154153
59	0.38148858860694873	0.8497316634718975	0.3582684576511383	0.8625
60	0.36068063185338683	0.860912343470483	0.349576473236084	0.8642857142857143
61	0.36000418071243545	0.8555456165337605	0.3433669762951987	0.8660714302744185
62	0.3468172877014003	0.8676207507019179	0.3374141701630184	0.869642858845847
63	0.3410078553159676	0.8698568870854932	0.3406639005456652	0.855357141154153
64	0.33589332879975786	0.8689624334490577	0.3269960752555302	0.8696428554398673
65	0.3282836368024243	0.8810375676172151	0.31990979058401925	0.8767857142857143
66	0.3284459746374427	0.868515206470899	0.31250345366341725	0.8910714268684388
67	0.3112787378815291	0.8904293385302658	0.30723063690321784	0.8821428554398673
68	0.31788203210864807	0.8805903395727837	0.30340940867151533	0.8857142840112958
69	0.3087800080106595	0.8872987472307277	0.3021251380443573	0.8875000017029898
70	0.28747131668817594	0.9002683356750844	0.2950268370764596	0.8928571428571429
71	0.2881890929342382	0.9002683359949661	0.28734643033572604	0.8946428571428572
72	0.2826947200383611	0.9002683356750844	0.28996236750057763	0.8910714268684388
73	0.28912731173426603	0.8926654734210593	0.2817968027932303	0.8964285714285715
74	0.2784371141990737	0.8971377462948371	0.2775087663105556	0.9000000017029899
75	0.26523885557391347	0.9025044720586596	0.28015620367867605	0.9017857159887042
76	0.27279078160714165	0.9002683369546116	0.27256835443632943	0.8982142840112959
77	0.2693841698877713	0.9029516992500728	0.2817723793642862	0.8946428571428572
78	0.2542901832163867	0.9177101964600825	0.26703122854232786	0.9089285714285714
79	0.2650567735670291	0.9016100181023422	0.26589837670326233	0.9035714268684387
80	0.2548124621187425	0.9096601066947623	0.2642343172005245	0.905357141154153
81	0.2560336261401236	0.9118962426518284	0.2655167153903416	0.9071428571428571
82	0.24053597786132253	0.9186046516959271	0.27094855308532717	0.8982142840112959
83	0.24396022343891466	0.9127906975677913	0.2576412260532379	0.9071428571428571
84	0.23984916649478918	0.912790698207555	0.25557334337915694	0.9071428554398673
85	0.23831498516267016	0.9199463325237759	0.2532573257173811	0.9178571428571428
86	0.22701449151115896	0.9248658323757124	0.25191284588405066	0.9071428554398673
87	0.2189909990123858	0.9230769236100594	0.24900753498077394	0.9089285731315613
88	0.22692873746103379	0.9217352420358197	0.2480163642338344	0.9089285697255816
89	0.21678193907831564	0.9293381031169448	0.2474497973918915	0.9107142840112958
90	0.21482844637416984	0.9239713775663768	0.24691416195460728	0.9142857142857143
91	0.2210856403935574	0.9203935591820528	0.24478012791701725	0.9142857125827244
92	0.21050270802752916	0.9262075126704249	0.24428781185831341	0.9142857125827244
93	0.20257573432167442	0.9338103762039771	0.24385175704956055	0.9125
94	0.21007382835066596	0.9306797858640845	0.24689159052712575	0.9125
95	0.20323313546095423	0.9275491950976827	0.2417171550648553	0.9142857159887041
96	0.2091394077473335	0.9262075130969339	0.2451409774167197	0.9142857142857143
97	0.19844430661052198	0.9320214662654243	0.2439699343272618	0.9125
98	0.20063656944388353	0.9329159205416234	0.23822945867265974	0.917857141154153
99	0.193791193777632	0.9297853306282399	0.2377318922962461	0.917857141154153

The optimal condition:
	epoch: 85
	train_acc: 0.9199463325237759
	val_acc: 0.917857142857
	using time: 185.986887932
