The number of train datas: 5342
The number of test datas: 1336
epoch	train_loss	train_acc	val_loss	val_acc
0	0.7031814473838406	0.5121677275098517	0.6919121446009882	0.5134730542491296
1	0.6963521643597194	0.5031823286712058	0.6895765401646049	0.530688622754491
2	0.6915942603887488	0.5295769375881779	0.6874117776305376	0.5404191623904748
3	0.6914279400432034	0.5250842381130663	0.6859353805730443	0.5486526953246065
4	0.6867134825918211	0.5497940845232427	0.6834887234036794	0.563622754491018
5	0.6863795331425098	0.5432422313293863	0.6810845375774863	0.5793413166514414
6	0.6811391826606074	0.5690752526027618	0.6781786533886801	0.5943113783162511
7	0.6791299373101135	0.5683264695317144	0.6743435663377454	0.6092814367688345
8	0.6762704613814859	0.5797454134572628	0.6696393029418534	0.6264970056311099
9	0.6706462336006079	0.5907899661708619	0.6636255886740313	0.6549401186897369
10	0.6657149276899426	0.6104455257970623	0.6566526557870968	0.6721556889796685
11	0.658144545662229	0.6169973789462879	0.6483788918592259	0.6908682638299679
12	0.6513185052111192	0.6274803440609213	0.6381652398023777	0.7133233522226711
13	0.6433345722777261	0.6490078620676778	0.625950373218445	0.7282934142443949
14	0.6259056730066869	0.6795207782882468	0.6098701179384471	0.7567365262322797
15	0.6194432819438579	0.6797079740950607	0.5946313431876862	0.7702095804814093
16	0.5986377494650269	0.7042306248992626	0.5704327796747585	0.8046407174921322
17	0.5840940198751926	0.7139648067196939	0.5469753192570395	0.8188622743783597
18	0.5571278040215389	0.7371770867423054	0.5163138280371706	0.8368263469484751
19	0.526104527861382	0.7690003748379232	0.4839710147081021	0.8517964071856288
20	0.5078916295286156	0.7779857736319382	0.45342746662522504	0.8607784427568584
21	0.4762766356661899	0.8015724451342846	0.4213582173792902	0.8682634723400642
22	0.4462161650040854	0.816173718110402	0.39007431357920525	0.8824850299401198
23	0.41949204055614037	0.8304005993613139	0.3662830544802957	0.8787425146131458
24	0.3923744934411229	0.842942718507109	0.3347035914124129	0.8937125748502994
25	0.3667809404558298	0.8611007115002742	0.3125811888429219	0.904191616409553
26	0.35124929279970435	0.8599775368155991	0.29823481251379685	0.904191616409553
27	0.33678604385148536	0.8697117187699233	0.2824790879280981	0.9139221553317087
28	0.3204743255394222	0.8861849496579715	0.26947884716673526	0.9124251489867707
29	0.3075746807856579	0.8876825160901675	0.2566552433425081	0.9139221553317087
30	0.3033101147411022	0.8886184951242371	0.25962374747513295	0.9146706576118926
31	0.2870790658372924	0.8979782855765108	0.2411830046041283	0.9191616759328785
32	0.27674208772802833	0.9041557471567394	0.2348551462867303	0.9273952085100962
33	0.27223144405256805	0.905466117759806	0.23162769423630422	0.9258982025220722
34	0.25639329450110826	0.9108947960681479	0.21918521794730317	0.9281437115041081
35	0.25340837964914303	0.9138899289771708	0.21653787800651825	0.9333832342467622
36	0.24651871303613157	0.9152002996471837	0.2081373261655876	0.9288922155688623
37	0.2432084741752186	0.9195058032262196	0.20434031354453036	0.9356287435857121
38	0.2357809396885344	0.9198801948621629	0.20701449556265047	0.9363772462228102
39	0.23702729681666448	0.9211905654205985	0.20520572658784375	0.9356287432287982
40	0.228939645508397	0.925121677363691	0.200133446001721	0.9371257492168221
41	0.21712131087519354	0.932422313874065	0.1907479033141793	0.94011976119287
42	0.21480182722595825	0.9320479222158062	0.19320807699671763	0.940868264186882
43	0.21978835407288858	0.9298015726456166	0.18507036495351506	0.9401197594082998
44	0.2061998958346193	0.9326095096585636	0.17947546887897445	0.9408682624023118
45	0.20045483104524786	0.9356046425452709	0.1771841622041371	0.9431137731689179
46	0.2027783546609318	0.935417446738457	0.18323911655091954	0.9416167671808939
47	0.19451233058420295	0.932983901249876	0.17071933375147288	0.9408682624023118
48	0.19812079793234882	0.9371022089774669	0.178118299135191	0.9453592817940398
49	0.19261357102310198	0.9384125796921108	0.17969887676888596	0.9431137728120038
50	0.19187392151587823	0.9384125796474798	0.16628852941675815	0.9461077833603956
51	0.18835849193587637	0.9419693000215754	0.16816271689837564	0.9476047907760757
52	0.17845647331035705	0.9434668664314558	0.1640624419122399	0.9468562881389778
53	0.17876177652972952	0.9451516287597276	0.16080659324537494	0.9498503001150257
54	0.17639709718438937	0.9440284538742131	0.16032745327778206	0.9505988031090377
55	0.1778631909638476	0.944215649681027	0.15966712884203402	0.9513473057461356
56	0.17972426696947924	0.9415949083410011	0.15605133022376877	0.9513473064599637
57	0.17293058826721638	0.9488955448290598	0.15435432165325758	0.9505988034659517
58	0.16781250699289013	0.9485211531708009	0.1556524951122478	0.9520958087401475
59	0.16977550517258597	0.9490827406805046	0.15265297131267136	0.9520958073124914
60	0.1626048698234719	0.9522650693740259	0.15440602756724386	0.9513473061030496
61	0.16148214339540495	0.9524522650915779	0.1518852918180163	0.9491017967640997
62	0.16278362213360242	0.9509546987709594	0.15057412294035186	0.9498503001150257
63	0.15512882072362771	0.9515162861021392	0.14730247056591297	0.9528443120910736
64	0.1545982140530276	0.9535754400217235	0.14801995518678676	0.9505988027521236
65	0.1538949462803773	0.9569449645220586	0.14874563455403209	0.9483532937700877
66	0.146258916235827	0.9561961813171184	0.14678799459141886	0.9520958090970616
67	0.15058914663215026	0.9554473981121782	0.14840289539919643	0.9491017967640997
68	0.151847916249031	0.9554473980006007	0.14464696800102017	0.9505988027521236
69	0.14717759346524592	0.954698614817976	0.14333300011422107	0.9528443120910736
70	0.13953548953779535	0.957506551920185	0.14343049368280136	0.9520958090970616
71	0.1373938069623403	0.9590041183300654	0.14233922949451172	0.9513473057461356
72	0.1423144585148577	0.9541370274644807	0.14123976788299528	0.9520958087401475
73	0.1397449238409223	0.9590041184193273	0.14128576214620453	0.9535928147281715
74	0.13361630961438414	0.9595657057281917	0.1425227826226971	0.9513473057461356
75	0.13991615955568976	0.9612504680787789	0.1422731941956246	0.9491017967640997
76	0.12927156110485588	0.9601272932378954	0.13820344740580656	0.9535928147281715
77	0.1309845896499829	0.9606888806360216	0.1387173408519722	0.9528443117341595
78	0.12923834728964792	0.9627480345556059	0.1387311054650181	0.9528443117341595
79	0.12751990921296058	0.962560838704161	0.13762314809475115	0.9535928147281715
80	0.12843041005640252	0.9621864470905331	0.13680170119522575	0.9550898207161955
81	0.12158337473110598	0.9664919507365154	0.13783991649122296	0.9543413177221834
82	0.12108196651208093	0.9651815800441869	0.13542031144310615	0.9573353296982314
83	0.12217918889982697	0.9619992512837192	0.14060997146510792	0.9513473057461356
84	0.12345718052091781	0.9646199926014296	0.13582083640876644	0.9550898207161955
85	0.11903407423293622	0.9655559716131838	0.13461174940813087	0.9558383237102075
86	0.11656064051717732	0.9681767128862633	0.13476736718666055	0.9573353300551455
87	0.11747393383599541	0.967615125443506	0.13470369546177857	0.9603293416742793
88	0.11373204750314674	0.9668663422162503	0.13992059233035156	0.9520958087401475
89	0.11450377704163518	0.969112691875702	0.13288720054719264	0.9595808386802673
90	0.11231736774102707	0.966491950624938	0.1340850569798561	0.9565868267042195
91	0.11504346959345887	0.9664919506472535	0.1338800930245194	0.9558383240671215
92	0.11037522355789818	0.9692998877494623	0.1324400937039695	0.9580838326922434
93	0.10967625419841817	0.9681767129532097	0.13266995968575962	0.9565868267042195
94	0.10606169509546269	0.9672407338745092	0.13383185426275174	0.9565868267042195
95	0.10970967361450373	0.9668663423278278	0.13243442729204716	0.9558383237102075
96	0.10529806970356109	0.9711718457729707	0.13825604908480615	0.9528443117341595
97	0.1021822468311052	0.9721078248293558	0.13258875522784844	0.9580838326922434
98	0.10769414667978755	0.9685511045222066	0.13249292371872656	0.9565868267042195
99	0.1034051471981539	0.9691126918980174	0.13822292748414827	0.9543413177221834

The optimal condition:
	epoch: 87
	train_acc: 0.967615125443506
	val_acc: 0.960329341674
	using time: 393.081434011
