The number of train datas: 3044
The number of test datas: 762
epoch	train_loss	train_acc	val_loss	val_acc
0	0.7072590449323165	0.5170827854165266	0.6848311763735894	0.5708661370390044
1	0.6868990166271877	0.5459921155589952	0.6758941993938656	0.6154855649302325
2	0.6791819953573831	0.5706307490927788	0.6627661326113022	0.6627296545686997
3	0.6684277892582676	0.5995400793918956	0.6484002727536079	0.7270341183882686
4	0.6523184511570673	0.6284494082028543	0.6305733872210886	0.7519685015903683
5	0.6322024726209753	0.6636005251542341	0.6108659552776907	0.7821522317533418
6	0.6209037228733418	0.6741130084151821	0.5880726219162228	0.7965879307331376
7	0.5953719237630847	0.7105781858916664	0.5591908374170619	0.8215223137787947
8	0.5740729223413004	0.7345597904552454	0.5274724725663192	0.8372703437104313
9	0.5373809030977091	0.7677398168147785	0.49270175276153044	0.8503936970327782
10	0.5039084321095971	0.7943495404704641	0.4565351664081333	0.8556430408647993
11	0.47430971785694476	0.8130749005055772	0.42292410956593013	0.8556430408647993
12	0.4385172346026763	0.8285151112251934	0.391826340454457	0.8622047286334
13	0.40979220625135493	0.8340998677323902	0.3655898272208967	0.870078736402857
14	0.3855285102920056	0.8478975040683921	0.3433075340714042	0.8727034147330156
15	0.3566583493692646	0.8626806840946734	0.32226011149213696	0.8818897664390524
16	0.33695886005083303	0.8731931667290286	0.3064899914690203	0.8805774304810472
17	0.3286977138923439	0.8751642567726065	0.2923013571053352	0.8923884494098153
18	0.3016876158513785	0.8866622866218256	0.2756225335316395	0.8976377948062626
19	0.29264112562920197	0.8938896188441463	0.26123470631171397	0.9002624682866995
20	0.2720987137490284	0.900459921704642	0.2474484671288588	0.9107611592360368
21	0.2572263744947318	0.9027595271732115	0.23471181606996092	0.9186351718552156
22	0.24112620761767323	0.9155716162160255	0.22545862940978503	0.9251968549305373
23	0.2234812427052687	0.9204993421865355	0.2111722349025446	0.926509182909968
24	0.21056143820050824	0.9296977660189164	0.20116392540650105	0.9278215268465477
25	0.19901886276910558	0.9319973718007823	0.1906122865248227	0.9291338579548313
26	0.19072375641389214	0.9346254926943435	0.18443800610663696	0.9370078754237318
27	0.17843379902698678	0.9411957949282462	0.17740999960054563	0.9396325442108895
28	0.17225465562277806	0.9372536128829876	0.1647845047117844	0.943569555213758
29	0.16776555494629286	0.945466490675366	0.16297993286857454	0.9448818880429105
30	0.14764547735726785	0.9530223392625676	0.1510733032789756	0.947506559958921
31	0.14495733634871033	0.9579500660163187	0.14500436832116345	0.947506559958921
32	0.1414661925584665	0.9549934299327384	0.1398311502977306	0.9527559022265156
33	0.1341977495988941	0.9602496717981848	0.1349481461163894	0.9540682381845209
34	0.12633058615763146	0.9641918531385264	0.13353964969946017	0.9540682381845209
35	0.1174664308222772	0.9648488822653791	0.1255403021228282	0.9540682381845209
36	0.11299923392264821	0.9664914592336887	0.12218218660495413	0.9553805741425262
37	0.10973123975010018	0.9671484881255692	0.11940807886323904	0.9553805741425262
38	0.10789603113384033	0.966819973718791	0.1151674235938728	0.9553805741425262
39	0.09963843472174683	0.971747701020811	0.11071806608300823	0.9606299179745471
40	0.10272624103766077	0.9681340334606546	0.10800987617002697	0.9619422539325524
41	0.09657778115098642	0.9743758216010756	0.10386237099258293	0.9632545898905577
42	0.09657826009310498	0.9760183971595513	0.10302295512336446	0.9645669258485629
43	0.09032288677354053	0.9743758222276685	0.10141478541485593	0.9658792618065681
44	0.0916696456156955	0.9753613675627539	0.10068526933473239	0.9645669258485629
45	0.091110505839215	0.9747043367127708	0.09698208658088224	0.9658792618065681
46	0.0866508516489128	0.9756898820478562	0.09572936588619638	0.9658792618065681
47	0.08722195328848434	0.976675427696238	0.09731077382297028	0.9632545978691321
48	0.08199528223894899	0.9799605788131894	0.09351258204756134	0.9685039417011532
49	0.08467293314821774	0.9773324572930355	0.09342072566780518	0.9685039417011532
50	0.07827424169389553	0.9806176087232833	0.08959281617614227	0.9698162776591583
51	0.07325243150005202	0.9776609716998137	0.09025042815001931	0.9711286120527373
52	0.0749604254030915	0.979960578499893	0.0911986008873136	0.969816276094732
53	0.07631038063733242	0.9799605788131894	0.08702759204183037	0.9711286120527373
54	0.07344651745042412	0.9799605788131894	0.08965955004878244	0.969816276094732
55	0.07460297364129656	0.9796320623699845	0.0850708754610984	0.9711286120527373
56	0.066236092563371	0.9812746392599699	0.08293920688898232	0.9724409480107425
57	0.06507024337365029	0.9845597897503285	0.083799727798838	0.9711286120527373
58	0.06595008966173982	0.9842312752652262	0.08563684212566987	0.9737532824043214
59	0.06878857617603025	0.9845597900636249	0.08207474304778682	0.9711286120527373
60	0.06722303461307921	0.9809461228167651	0.08069972204059128	0.9737532839687477
61	0.06642308307422445	0.9822601845950554	0.08408102452794085	0.9737532824043214
62	0.06503101798085283	0.9839027595269383	0.08020871992068966	0.9737532839687477
63	0.06361934006135818	0.9845597903769213	0.08000830687054498	0.9737532839687477
64	0.06654877744311571	0.9832457296168444	0.07823265258838812	0.975065619926753
65	0.06114313102103329	0.9832457293035479	0.08017315110313923	0.9737532824043214
66	0.06134043513514523	0.9845597890454115	0.07636954476983529	0.975065619926753
67	0.06251623700819567	0.9862023656221006	0.0759328925038573	0.9776902918427635
68	0.05927306031820495	0.9862023662486935	0.08429007634540087	0.9737532824043214
69	0.060378223706560596	0.9845597903769213	0.07753194822609581	0.9750656183623266
70	0.05953729270655128	0.9825886997067506	0.07564193609701055	0.9763779558847583
71	0.05194451417113102	0.9875164260688812	0.07653187918342318	0.9763779543203319
72	0.052024694196341384	0.9871879112704824	0.07652126419849282	0.9763779543203319
73	0.05833547136473436	0.9862023656221006	0.0759741001593785	0.9763779543203319
74	0.0581517203291205	0.9865308810470922	0.07848371413299261	0.9750656183623266
75	0.054615798691451625	0.9842312752652262	0.07694337813286331	0.9750656183623266
76	0.04979300731976618	0.9868593964720838	0.0748118082467183	0.9776902902783371
77	0.049500896479156106	0.9865308804204993	0.07873534306570927	0.9750656183623266
78	0.04948725949106408	0.9891590013140604	0.07605798795741062	0.9750656183623266
79	0.052115322500663114	0.9862023653088042	0.07618077782782044	0.9750656183623266
80	0.05108914204167004	0.9871879099389727	0.07571947245108174	0.9750656183623266
81	0.048148152187133746	0.9885019717172631	0.07481348512601352	0.9776902902783371
82	0.04994240219847993	0.9862023656221006	0.07790436776076246	0.9750656183623266
83	0.05249446898737969	0.9858738508237019	0.07513658458420767	0.9763779543203319
84	0.04876144268548755	0.987187910957186	0.07477492953496655	0.9763779543203319
85	0.049117268840249986	0.9855453360253033	0.07683124411802279	0.9750656183623266
86	0.04708327457759133	0.9881734562922715	0.07588281666767097	0.9750656183623266
87	0.046663651181661506	0.9888304865156617	0.07602718868476199	0.9750656183623266
88	0.048053473527892035	0.9871879099389727	0.07525849042660765	0.9763779543203319
89	0.04991930964036934	0.9875164260688812	0.07735993653496732	0.9750656183623266
90	0.045263416171759246	0.9891590013140604	0.07415476409117068	0.9776902902783371
91	0.04734159080353266	0.9888304865156617	0.07503111541681871	0.9776902902783371
92	0.045140068498336065	0.9868593955321945	0.07652743565519964	0.9750656183623266
93	0.04170347390385558	0.989487516739052	0.07571653359792051	0.9763779543203319
94	0.046557411597980464	0.9875164260688812	0.07303075503137481	0.9790026262363424
95	0.04562712594152045	0.988173455978975	0.07450532049840204	0.9776902902783371
96	0.04323838727423889	0.9898160315374507	0.07817432266266483	0.9763779527559056
97	0.044624343220727045	0.9901445469624423	0.07288594380157982	0.9790026262363424
98	0.040753321895931456	0.9885019714039666	0.07287809572468593	0.9803149621943477
99	0.04195055077721349	0.9875164260688812	0.07325360093392881	0.9790026262363424

The optimal condition:
	epoch: 98
	train_acc: 0.9885019714039666
	val_acc: 0.980314962194
	using time: 101.16760993
