The number of train datas: 10330
The number of test datas: 2584
epoch	train_loss	train_acc	val_loss	val_acc
0	0.7063136759016659	0.5151984511190324	0.6804195083331767	0.6110681114551083
1	0.6757846650057125	0.5824782190110538	0.6565074044115403	0.6873065017325222
2	0.6486160793932225	0.6339787027381166	0.6122309504647742	0.7376160988866729
3	0.6011057424983812	0.6996127784425268	0.5520160746279147	0.7616099073052776
4	0.548203495026558	0.7448209101094396	0.4957458077938564	0.7790247679863921
5	0.5041863148002403	0.7674733786130574	0.465326214537901	0.787538699874937
6	0.4798510342692129	0.7808325267022715	0.45166108002972677	0.7960526317634818
7	0.45869723674980967	0.789835430899525	0.4400427579510692	0.7995356038997048
8	0.446340403696459	0.8017424976491051	0.4304089452091016	0.8037925694749082
9	0.431299988321044	0.8062923524755937	0.4197583796439156	0.8103715168433293
10	0.4164301969536507	0.8173281705044823	0.4150165086929274	0.8142414860681114
11	0.404171527268695	0.8239109388510232	0.4037228974949096	0.8223684210526315
12	0.38960673867906054	0.8328170378002746	0.3842188624590174	0.8304953560371517
13	0.37460871925081657	0.8415295257226773	0.3675527494204672	0.8393962846451869
14	0.35882316606204023	0.8498547919260452	0.35226940001496587	0.8413312693498453
15	0.3408183899472782	0.8577928364796191	0.3430829842577778	0.8471362230947512
16	0.31482248792112855	0.8752178122551836	0.302714805392658	0.8688080497201383
17	0.291846879079058	0.8844143272369437	0.2809346810029387	0.8800309597523219
18	0.263558290202066	0.8956437558195367	0.26448141513594164	0.8862229104012528
19	0.2404933734646379	0.9078412391901709	0.24761975222143226	0.8943498453857729
20	0.22108488621231662	0.9224588577191112	0.21463818257622674	0.9148606812990856
21	0.20243480728014163	0.9250726040889079	0.19401345455056004	0.9260835913312694
22	0.18054208796172036	0.9339787028304374	0.17695766221443565	0.9326625386996904
23	0.16474621776574347	0.9443368828885207	0.16248752758045315	0.9388544891640866
24	0.15586986966712432	0.943562439519692	0.17229251517415417	0.934210526131255
25	0.1473285477972677	0.9495643756396542	0.15009498946806965	0.9454334365325078
26	0.1337742392994312	0.9554695060500101	0.144269390971668	0.9473684212371661
27	0.12502884904043488	0.9577928361680362	0.1369610715299937	0.9485294117647058
28	0.11814951231668902	0.9595353337363606	0.13461591986126206	0.9485294119492403
29	0.1137905147839031	0.961858664108269	0.12336797061903927	0.9520123839009288
30	0.10480281938109023	0.9652468538353542	0.12418881460055478	0.9543343655096119
31	0.10232334952271342	0.9667957403306693	0.132221203931714	0.9523993806204191
32	0.09611433239550927	0.9685382381759562	0.1281551535792026	0.9535603713324934
33	0.08987840212383898	0.9721200387567888	0.11739540423033039	0.955882352756642
34	0.08710700419063375	0.969603097531133	0.11193306956313342	0.9562693500297358
35	0.08348595271498283	0.9734753143637362	0.12711786929714053	0.9554953560371517
36	0.08024531318251646	0.9736689252174835	0.1124407398303965	0.9589783279888401
37	0.0793758992087691	0.9736689254713659	0.11147051985049765	0.9582043341807905
38	0.07660292241098458	0.9762826715757401	0.12495105416043993	0.9558823529411765
39	0.07580204876960189	0.9754114230627704	0.11112152379086881	0.9578173372767658
40	0.06877050566029919	0.9791868344627299	0.11174512626862747	0.9593653248928649
41	0.06810196204199334	0.9790900290531664	0.11385029879609129	0.9585913310848153
42	0.0669877794566713	0.9794772504721584	0.11527429870546049	0.9601393188854489
43	0.06520137998337668	0.9797676667354691	0.11201727919672665	0.9593653250773994
44	0.06349932258698048	0.9801548886853059	0.12499092417789318	0.9558823529411765
45	0.06294388343784724	0.9789932233781805	0.10910579183891461	0.960913312508964
46	0.061932477596263684	0.9799612778315586	0.11396738851079631	0.9597523219814241
47	0.05899083856186701	0.982575023947473	0.12075102438821513	0.9578173374613003
48	0.06051623466328176	0.9818005808440667	0.10252797785835001	0.9616873063170135
49	0.05677896565311415	0.9816069699903195	0.1268902529699976	0.9566563467492261
50	0.056453986669325294	0.9818005808440667	0.12280831479066666	0.958204334365325
51	0.056837706213739465	0.9818005805786443	0.11653128479702554	0.9578173374613003
52	0.05281288962223407	0.9828654402223238	0.11820830755374011	0.9578173374613003
53	0.052184022517310455	0.984027105529449	0.12604489310676284	0.9562693498452013
54	0.052087892944287124	0.984414326948441	0.10541799238914676	0.9636222910216719
55	0.05074209154863902	0.9830590510529909	0.1172908787376279	0.9589783281733746
56	0.050558216263975546	0.9847047434771742	0.11507490228850037	0.9605263157894737
57	0.04843262448430869	0.98567279768821	0.10663723761083171	0.9620743034055728
58	0.047408137435863466	0.9858664082649947	0.1357501477793136	0.9527863777089783
59	0.0446385890173312	0.9875121004352957	0.12511805834208295	0.9562693498452013
60	0.04593667821437553	0.9865440462127198	0.1059625151656545	0.9616873063170135
61	0.04500853942647677	0.9854791868344628	0.11083416045634739	0.9624613003095975
62	0.043242276091370206	0.987512100677638	0.1344411351253789	0.9539473684210527
63	0.04339398244559938	0.9849951594750626	0.11082116144222003	0.9628482972136223
64	0.043637316860799524	0.9871248789932237	0.11357830607277505	0.9605263157894737
65	0.04261433090599901	0.9868344627299128	0.11759382898662667	0.9593653250773994
66	0.040866299859624054	0.9869312678971341	0.11427110428965129	0.9613003095975232
67	0.03942675296819453	0.988673765742421	0.11956635951972783	0.9597523219814241
68	0.03753417374174916	0.9896418196995745	0.12819992582207032	0.9578173374613003
69	0.03821053962869658	0.987512100689178	0.1333839637731943	0.9547213622291022
70	0.03821411645878377	0.9883833494675702	0.12110659449531383	0.9593653250773994
71	0.03809789021906063	0.9879961275408137	0.1106907131479067	0.9632352941176471
72	0.03584973735686135	0.9901258470474347	0.10712774116372914	0.9643962848297214
73	0.03725910175515975	0.987512100677638	0.15340921754052073	0.9489164086687306
74	0.037254992259047846	0.9890609874152952	0.1185215974382295	0.9601393188854489
75	0.03593482558993264	0.9898354305302416	0.12855791811753445	0.9578173374613003
76	0.0345222871990411	0.9902226524685382	0.11546709148022966	0.9609133126934984
77	0.03542363055569678	0.9895450145208131	0.14024042350242935	0.9539473684210527
78	0.03326475154193766	0.989738625109138	0.1119606847479801	0.9636222910216719
79	0.032351875908867546	0.9909970955834846	0.12359195830583018	0.9589783281733746
80	0.03444285386594487	0.9908034849951597	0.11592882124263067	0.9613003095975232
81	0.03188070393197188	0.9906098741529525	0.1086912715674923	0.9628482972136223
82	0.030570674886690796	0.9909970955834846	0.11548694626834739	0.9632352941176471
83	0.03107622191670557	0.9908034850066998	0.1106918942148656	0.9628482972136223
84	0.028155897298804328	0.9922555663117134	0.12635522726173556	0.9605263157894737
85	0.03177912433677698	0.9911907066795741	0.12493985374068882	0.9605263157894737
86	0.03027591187387907	0.9912875121006777	0.11772124071954389	0.9620743034055728
87	0.030158103458648267	0.990900290162381	0.12367144159557465	0.9605263157894737
88	0.030862755441473794	0.991577928110106	0.13763453736728282	0.9570433436532507
89	0.030012988189500392	0.9908034847412774	0.128356348541522	0.9589783281733746
90	0.029689386615751445	0.9912875118467953	0.1260507946989669	0.9601393188854489
91	0.028831821130471447	0.9920619554810464	0.13276733160191923	0.9570433436532507
92	0.02701880393499312	0.992352371732817	0.11575851224408984	0.9628482972136223
93	0.027120350483022377	0.9928363985844526	0.1507382425652592	0.9531733746130031
94	0.025578166691573753	0.9935140365321777	0.11901298135911163	0.9624613003095975
95	0.02638308512910638	0.992061955215624	0.13471911633935044	0.958204334365325
96	0.024191768291079063	0.9930300096920822	0.13061425527817233	0.9601393188854489
97	0.024554830035492272	0.9937076476282671	0.13436815475658642	0.9585913312693498
98	0.02498554970207196	0.9929332040055562	0.12309188957992169	0.9628482972136223
99	0.023537804469797988	0.9932236205227493	0.12204430112182725	0.9624613003095975

The optimal condition:
	epoch: 72
	train_acc: 0.9901258470474347
	val_acc: 0.96439628483
	using time: 923.586294889
