The number of train datas: 7736
The number of test datas: 1936
epoch	train_loss	train_acc	val_loss	val_acc
0	0.7172845692644445	0.5062047568878936	0.690154854916344	0.5459710743801653
1	0.6960149538060871	0.5264994829060989	0.6848465997325487	0.5733471074380165
2	0.6900626610821997	0.5452430197100359	0.6801293443057163	0.5971074380165289
3	0.6822303033664037	0.5602378489251221	0.6746675672609944	0.6141528925619835
4	0.6787917933888125	0.5725180970229432	0.6682300547922938	0.631198347107438
5	0.6725845180351707	0.5810496379942041	0.659715299271355	0.6554752066115702
6	0.6645537201842946	0.5992761118089031	0.6491116383844171	0.6787190082644629
7	0.6532236880082503	0.6237073422957601	0.6352820475239399	0.7004132231404959
8	0.6354973882652488	0.6533092038461317	0.6155628547195561	0.731404958677686
9	0.6215679958663041	0.667399172760708	0.5922571735933793	0.7463842975206612
10	0.5942511382862355	0.6982936917071259	0.5622995365257105	0.7644628099173554
11	0.5654742188266293	0.7275077561311416	0.5254739665788067	0.7944214876033058
12	0.5328126426443319	0.754912099214473	0.48623317529347315	0.815599173553719
13	0.49628786815112724	0.7775336091003102	0.4489426662114041	0.8254132231404959
14	0.4610512143823452	0.7913650463507612	0.41095787927138905	0.8476239669421488
15	0.42992964504053577	0.8106256464521295	0.3795619523229678	0.8538223140495868
16	0.40207295380186026	0.8298862459987495	0.34926388110996276	0.8677685950413223
17	0.3707903909276412	0.8504395035578028	0.3243348124352368	0.878099173553719
18	0.34372981744813574	0.8628490175185061	0.2994341688954141	0.8910123966942148
19	0.32100244484371826	0.8693123062862605	0.2824127848975915	0.9018595041322314
20	0.3037823277767343	0.8866339194614367	0.27047273060999627	0.8997933884297521
21	0.28518336737044964	0.8927094104864481	0.2582402411571219	0.9116735537190083
22	0.27235117730334973	0.8983971044467425	0.24747069130751712	0.9116735537190083
23	0.26110361477951477	0.9061530507338207	0.24501831965012985	0.9168388429752066
24	0.25131268780813343	0.9126163390084654	0.24124392879403328	0.9199380165289256
25	0.23902838497645112	0.9164943121828238	0.2253674519948723	0.922004132231405
26	0.22546153579527492	0.9242502584699022	0.22105735448027444	0.9256198347107438
27	0.22331656355337617	0.9225698033927515	0.21725107433874746	0.9266528925619835
28	0.21859031277703894	0.9229576008889396	0.21408822233519278	0.9287190082644629
29	0.213889045977913	0.9264477768136649	0.2169726904758737	0.9297520661157025
30	0.20951906130133888	0.9274819027921406	0.20691515776244077	0.9297520661157025
31	0.20250302850583715	0.9321354704041269	0.2032137440502151	0.931301652892562
32	0.19524117852748982	0.9336866599574084	0.1979509037880858	0.9328512396694215
33	0.19514074638069848	0.9331695968140737	0.200037769911703	0.9328512396694215
34	0.1867711732189066	0.934979317291816	0.19654688349932678	0.9338842975206612
35	0.18469791315426623	0.9374353671764267	0.19065985453030296	0.9318181818181818
36	0.1770599797106085	0.9382109619222482	0.19664595479314978	0.9349173553719008
37	0.17675264225935616	0.93989141693776	0.18681092086163434	0.9323347107438017
38	0.17148873008856977	0.9398914168144825	0.18530204621228305	0.9349173553719008
39	0.16655100919036608	0.9438986558209037	0.18358667342623403	0.9359504132231405
40	0.16055579619114255	0.9445449846730237	0.18171559502024295	0.934400826446281
41	0.16153842073623495	0.943640124218417	0.17844451634475023	0.934400826446281
42	0.15907397235993145	0.9477766288719848	0.18139097239237187	0.9359504132231405
43	0.1541601474538461	0.9480351603511941	0.17650616575371136	0.9349173553719008
44	0.15079697686119434	0.9493278181787114	0.1735312570471409	0.9359504132231405
45	0.14965266262825422	0.9493278181170727	0.17188892698238703	0.9359504132231405
46	0.14865983914749575	0.9502326785716794	0.1720332177894667	0.9364669421487604
47	0.14354030381129224	0.950361943972271	0.17517678568924755	0.9369834710743802
48	0.14324067229445495	0.9524301966072485	0.17137555741081553	0.9354338842975206
49	0.1366342561783687	0.9544984486874775	0.1783817752210562	0.9400826446280992
50	0.13631412406156326	0.9525594623160337	0.17104344907378363	0.9349173553719008
51	0.13459096941422774	0.9537228543114884	0.16852373272673157	0.9349173553719008
52	0.13187249397402465	0.9529472596273058	0.16657616739923303	0.9354338842975206
53	0.12689541745641977	0.9563081694117747	0.1681037925122198	0.9349173553719008
54	0.12724428490620981	0.9551447774779587	0.16402679380060228	0.9369834710743802
55	0.12277099171955805	0.9595398139189293	0.1624344208023765	0.9380165289256198
56	0.11928342247329798	0.9572130301745749	0.16232072481931734	0.9380165289256198
57	0.12352873272461877	0.9566959669079628	0.16520587154779554	0.9390495867768595
58	0.12011089766900813	0.9594105479019505	0.16174165205645166	0.9400826446280992
59	0.11535047186151409	0.9616080661840745	0.16441033725157256	0.9400826446280992
60	0.11458299574061781	0.9604446740653424	0.16231414044568362	0.9411157024793388
61	0.11284153922359848	0.9626421925323826	0.1583472483845289	0.9390495867768595
62	0.11501847160161466	0.9601861427710493	0.16148291463571146	0.9395661157024794
63	0.11037905736139667	0.960703205914384	0.16589148419578215	0.9421487603305785
64	0.11487582848323538	0.9607032059760227	0.1561042814831103	0.940599173553719
65	0.11091964971563069	0.9627714581795291	0.16738924003891215	0.9447314049586777
66	0.10642137491715362	0.963934850113345	0.16077050532807002	0.9416322314049587
67	0.1032461265204118	0.963417787031649	0.15618848406578884	0.9421487603305785
68	0.10089856289103705	0.9658738367313436	0.15741426055896873	0.940599173553719
69	0.09962875908385142	0.9654860394817104	0.16970337339299768	0.9447314049586777
70	0.09964584999919061	0.9669079628947356	0.15613597037255272	0.9421487603305785
71	0.10028302918391489	0.9661323683338303	0.15448756733031804	0.9400826446280992
72	0.09756334226543802	0.9669079627714581	0.15483272408158327	0.9390495867768595
73	0.09733848221361206	0.9667786971243115	0.15921990387141705	0.943698347107438
74	0.0942928068178023	0.9672957602060075	0.15525733454784085	0.9416322314049587
75	0.09464169614163402	0.9682006205373368	0.1529187606570642	0.9411157024793388
76	0.09134090097376454	0.9698810755528486	0.15485304481665457	0.9426652892561983
77	0.08983237270146392	0.97130299915079	0.1571770748046558	0.9426652892561983
78	0.08934667496917906	0.9691054806837498	0.15398827975631252	0.9431818181818182
79	0.08841331084302194	0.9702688728024819	0.15356978975729016	0.9431818181818182
80	0.08784794884482486	0.9701396072169741	0.15194047457915694	0.9400826446280992
81	0.08910602586962198	0.9715615303834444	0.15426568366771887	0.9431818181818182
82	0.0832279235078359	0.9715615305683606	0.15402285209741473	0.943698347107438
83	0.08304200744816904	0.9703981386961833	0.1516555910699131	0.9447314049586777
84	0.07821081048638523	0.9736297828951445	0.15337678703887403	0.9431818181818182
85	0.08190444145340091	0.9725956566701137	0.15441319013922666	0.9431818181818182
86	0.0768133638871616	0.9729834538581082	0.1516061655653656	0.9431818181818182
87	0.08184007517877878	0.9724663910229672	0.15772998365304194	0.9457644628099173
88	0.07965688742581667	0.9731127199367259	0.15084339222632165	0.9447314049586777
89	0.07293462948998843	0.9737590486655684	0.15538670895390275	0.943698347107438
90	0.07382957560261624	0.975568769513143	0.15098656392232937	0.943698347107438
91	0.07858927273639356	0.9746639088119815	0.15071891312879965	0.943698347107438
92	0.07068144436058856	0.9760858325332002	0.15412791014826002	0.943698347107438
93	0.0738337132058876	0.9755687694515043	0.15027834525839848	0.9431818181818182
94	0.07163613695254493	0.9758273009923523	0.15567210439808113	0.9447314049586777
95	0.07094396629602857	0.9766028956148962	0.15592195543129583	0.9447314049586777
96	0.06930874525391205	0.9766028957381737	0.15191566366856254	0.943698347107438
97	0.06845202316619618	0.9772492244670162	0.15232965796570147	0.9452479338842975
98	0.06545231797979931	0.9790589453145908	0.1577716741464601	0.9447314049586777
99	0.06606168761433343	0.9780248190895602	0.15609655526181884	0.9457644628099173

The optimal condition:
	epoch: 99
	train_acc: 0.9780248190895602
	val_acc: 0.94576446281
	using time: 566.735088825
