The number of train datas: 16814
The number of test datas: 4204
epoch	train_loss	train_acc	val_loss	val_acc
0	0.6993375366261871	0.5110027357586728	0.6848118813348656	0.5668411042211625
1	0.6892963047825625	0.535030331795403	0.6763549539500707	0.6241674601294448
2	0.6787538857412945	0.5730343761009624	0.6652756793288023	0.6588962889647734
3	0.6672582797208949	0.5969430237487393	0.6474665201470242	0.7105137962709712
4	0.6477532458671197	0.6335791602590726	0.6163609317095363	0.7495242622100547
5	0.6198283434055982	0.6701558225501146	0.5732592150327934	0.7880589907561791
6	0.5771093801225822	0.7132151778067308	0.511493244361696	0.8189819222626291
7	0.5210395669793918	0.7645414535151631	0.44074306147196085	0.8432445287364194
8	0.46370414476892646	0.797311764027455	0.3775446677809097	0.8679828735105658
9	0.4076489662676004	0.8310336623461816	0.3224126335329152	0.8905803997328348
10	0.3526123799246274	0.8586297134050251	0.28001090050537625	0.900570884701414
11	0.3126516638130244	0.8814678243823918	0.23949100923583577	0.9165080879893789
12	0.2793928614244941	0.9009753776898322	0.2112609014468007	0.9288772592989181
13	0.24723463832615983	0.9134649697390326	0.18549808579099167	0.9367269259991814
14	0.22227877013689273	0.9226240038772506	0.17002086230792054	0.9457659370892395
15	0.2074117812370026	0.9308909242723478	0.16096369915072062	0.9469552802880756
16	0.19170135706822655	0.9379683597286094	0.143637510053778	0.9533777350930233
17	0.1801105193573101	0.940287855401169	0.13513197800185314	0.9555185542687362
18	0.16854302241974642	0.9454026407133147	0.1287784681617363	0.956232160017901
19	0.16377507044977052	0.9489710955440013	0.11928714688452621	0.9617031400936428
20	0.1505743371358422	0.9524206019361053	0.11205015403106029	0.961941009073684
21	0.14806068002729209	0.9558106339954799	0.11116868063282899	0.9633682212525612
22	0.1394089573616078	0.9601522541165253	0.10542315164568536	0.9676498565982343
23	0.13294457421867717	0.9624717497607255	0.0980917484730794	0.9688392007044675
24	0.12858911360240344	0.9628880695084605	0.0964360275615067	0.9697906758306596
25	0.12409628011030137	0.9658023076008089	0.09382379968800394	0.9721693627954551
26	0.12416851987185554	0.9648507196383965	0.0914467439608388	0.9726450995645787
27	0.1138199939304659	0.9691328654976114	0.08953781194850222	0.9733587065614143
28	0.11429416898301684	0.9703223504789862	0.08587309148173237	0.9764509993320868
29	0.1102612226637816	0.9699655049930817	0.08435328138175179	0.9771646045141283
30	0.10498080576846557	0.9718092066135363	0.08194114449305494	0.9771646045141283
31	0.10307916883120884	0.9714523611418115	0.08129614385661911	0.9776403419070875
32	0.10186953758624812	0.9730581658283822	0.07942243150792498	0.9788296853894851
33	0.10167630724551292	0.9735339598237681	0.0782214530896959	0.9788296853894851
34	0.0960777669584934	0.9746044962531224	0.07693031649295769	0.9804947668886774
35	0.09538205070956164	0.9756155584631855	0.07515641313567262	0.980970503657801
36	0.09334335862824533	0.9755560842438942	0.07442278137074325	0.9795432914789238
37	0.08992625535530582	0.9766266207157878	0.07354551525901716	0.980732635585157
38	0.08901042980222253	0.9779350541215653	0.07162447550912679	0.9802568975683624
39	0.08671114531308997	0.978232425373999	0.0708035709111323	0.9812083723542806
40	0.0858707788404894	0.9782324253598192	0.06864057186384863	0.9816841097472396
41	0.0823868939568182	0.9796003330557869	0.0686661375138898	0.9819219784437192
42	0.08186949490331023	0.9796598073034376	0.06938052579377743	0.9821598471401988
43	0.08164335809407867	0.9793624360651838	0.06564227589268723	0.9833491906225965
44	0.08116669574646324	0.9798382300463899	0.06683406657003199	0.9831113225499524
45	0.0798364141943786	0.980314024027596	0.06718220519208545	0.9845385347288297
46	0.07758573441456795	0.9797192815652681	0.06507416034416853	0.9831113219261169
47	0.07796600082827385	0.9810871892470561	0.06438144315902558	0.9826355851569933
48	0.0757946067537208	0.9807303437611514	0.06585733938455354	0.9821598471401988
49	0.07365097034294071	0.9822171999666004	0.07266260209279782	0.9785918169765672
50	0.07246591900515757	0.9829308909384096	0.0645002592833523	0.9831113219261169
51	0.07158485780442046	0.9829903651860603	0.06321740409556056	0.9847764034253093
52	0.07169330265695138	0.9830498394195314	0.06267090870349266	0.9845385347288297
53	0.07302916998672218	0.981562983242442	0.06402378906447131	0.9838249286393911
54	0.07003383353517387	0.9829308909525893	0.06647341466596533	0.9812083726378422
55	0.06836036941765732	0.983644581896039	0.06328288062017492	0.9835870593190761
56	0.0694225974750087	0.9835256334007375	0.06473376052888317	0.983111322833514
57	0.0663284540754217	0.9834661591672664	0.06493620071506977	0.982635585440555
58	0.06607406108162786	0.983882478886642	0.06310944981894302	0.9831113219261169
59	0.06678859370705119	0.9837635304055203	0.06136102285005726	0.9838249280155555
60	0.06348064336143643	0.9848935410967051	0.06106448320266068	0.985965746907707
61	0.06306578981896933	0.9849530153443559	0.06324939099056283	0.9840627967120351
62	0.06010389183635191	0.9851909123491387	0.06420320318878887	0.9835870593190761
63	0.06173181181756483	0.9850719638538372	0.06054128399854269	0.9850142714979533
64	0.0626218198191858	0.9845961698584513	0.06254486334142403	0.9843006654085147
65	0.058813591887951745	0.9850124896061865	0.06116691016929701	0.9862036156041865
66	0.05764797239506643	0.985904603320948	0.06345972249711501	0.9838249280155555
67	0.05815118058418794	0.9857856548256464	0.06363732379450898	0.9847764028014737
68	0.05779438731704269	0.9857261805638159	0.060868016772900845	0.9854900088909124
69	0.05688500073083136	0.9860235518304292	0.06174175011669308	0.9843006654085147
70	0.05446715944425464	0.9862614488068525	0.06117189916951332	0.9847764028014737
71	0.055075273049575005	0.9869156655168312	0.06071093330934261	0.9857278775873919
72	0.055661347023482494	0.9861425002973713	0.06408269250044132	0.9835870593190761
73	0.05473844353315648	0.9860235518162495	0.06089950854456731	0.9857278775873919
74	0.05515058649511326	0.9864993457832758	0.06077939704181068	0.9864414836768306
75	0.053719637334786345	0.9864398715356251	0.06114189670227121	0.9847764028014737
76	0.05130818661200854	0.9872130367550851	0.061194525062187186	0.9859657462838715
77	0.05051595997142851	0.9867372427738789	0.062249486220311144	0.9854900088909124
78	0.051710521966038155	0.9875104080075187	0.061522200692987354	0.9850142714979533
79	0.05404747183734545	0.9867967170357095	0.06209143970718166	0.9854900088909124
80	0.05308508291792696	0.987748304983942	0.06279889783413495	0.9838249280155555
81	0.047752141446695824	0.9884619959699309	0.061557342992168626	0.9857278775873919
82	0.049187345466590586	0.9875104080075187	0.062070115128236084	0.9843006654085147
83	0.04926520736496556	0.9878672534934233	0.06122333373339203	0.9857278775873919
84	0.04663309351483164	0.9884025217081004	0.0611795058667121	0.9847764028014737
85	0.04634353359140907	0.9881646247458569	0.06336684279377748	0.9838249280155555
86	0.047362287572792316	0.9888188414700153	0.06508448555867066	0.9826355845331578
87	0.04785113633822229	0.9887593672081848	0.06229787448387448	0.9850142714979533
88	0.046461220417527094	0.988521470203402	0.06168763002435669	0.9850142714979533
89	0.045837481404805674	0.9881646247316771	0.061788475807298945	0.9857278775873919
90	0.046665211195425056	0.9889972641846081	0.06345296959498176	0.9845385341049943
91	0.0443005489396598	0.9895325324276447	0.06785407428807809	0.9819219784437192
92	0.04309195007136741	0.9897109551564173	0.0738973844332087	0.9797811604589649
93	0.04274628375248902	0.9892351611893909	0.06399618591280294	0.9845385341049943
94	0.04283152678794206	0.9889972641846081	0.06318433735374322	0.9845385341049943
95	0.04316460978772845	0.9895325324276447	0.06783453470448672	0.9821598471401988
96	0.04277696390915983	0.9893541096988722	0.06754252940884213	0.9828734532296374
97	0.042027348004422434	0.988937789951137	0.06315734488561707	0.9857278775873919
98	0.04132748079560746	0.9892946354228619	0.06363791509307247	0.9850142714979533
99	0.03964217525452776	0.9892946354228619	0.06675669818506935	0.9826355845331578

The optimal condition:
	epoch: 74
	train_acc: 0.9864993457832758
	val_acc: 0.986441483677
	using time: 1413.49705315
