The number of train datas: 1840
The number of test datas: 462
epoch	train_loss	train_acc	val_loss	val_acc
0	0.7476264269455619	0.5114130437374115	0.6690629160765446	0.616883118947347
1	0.6886377044346021	0.5472826086956522	0.6569471864989309	0.6558441571342997
2	0.6713174607442773	0.5880434787791708	0.6351830223938087	0.7056277014992454
3	0.6498417030210081	0.6336956526922143	0.6047187155975408	0.8333333304950169
4	0.6209783906522004	0.6820652179096056	0.5705956393506104	0.8441558397693552
5	0.5951292991638184	0.7190217386121335	0.5262894009872948	0.9025973979528849
6	0.5475455657295559	0.7760869560034379	0.4713117742177212	0.9329004331584617
7	0.5010885959086211	0.8282608690469161	0.41275896964135106	0.928571423668882
8	0.44319314749344535	0.8543478266052578	0.3481378317911388	0.9437229388203972
9	0.3815084758012191	0.8875	0.2913757476842765	0.9458874409848993
10	0.33212419385495395	0.8978260869565218	0.24555278572685274	0.9480519431494016
11	0.29227041990860647	0.9168478255686553	0.2121018585446593	0.9458874409848993
12	0.2538059535233871	0.9271739130434783	0.18745724098893987	0.9480519431494016
13	0.22841251051944236	0.930978260351264	0.1633691889963625	0.9502164453139037
14	0.20741465584091517	0.9315217396487361	0.1468468446171645	0.954545449642908
15	0.20430485463660697	0.9358695652173913	0.14263287038256078	0.9502164453139037
16	0.1938246382319409	0.9380434777425684	0.13538048906630767	0.9502164453139037
17	0.17443176967942198	0.9461956516556118	0.1322361361154746	0.9502164453139037
18	0.1659692116405653	0.9461956526922143	0.12632060275126844	0.9502164453139037
19	0.16334580954002298	0.9500000005183012	0.12167499561136935	0.954545449642908
20	0.16362726873029834	0.9489130434782609	0.12149800261829323	0.9502164453139037
21	0.16111997715804888	0.944021739648736	0.12537728011350094	0.954545449642908
22	0.163150310969871	0.9483695646990901	0.11712487980529859	0.954545449642908
23	0.15380464857039244	0.9521739130434783	0.12035510232631778	0.9523809474784058
24	0.1552930325269699	0.9445652179096056	0.11519195976388918	0.954545449642908
25	0.1448788105793621	0.9538043483443882	0.12004142294907982	0.954545449642908
26	0.14996334787296212	0.9505434787791708	0.11729190959816888	0.9567099518074101
27	0.13773544903682625	0.9548913043478261	0.11443580229044993	0.9567099518074101
28	0.13957987414753956	0.9494565222574317	0.1102955410523074	0.9588744539719123
29	0.14408782746480858	0.9494565212208291	0.11526876996025379	0.9588744539719123
30	0.12956732556871745	0.9586956516556118	0.11123231350085436	0.9588744539719123
31	0.14437459337970485	0.9499999994816988	0.10895664620644603	0.9588744539719123
32	0.1378912296632062	0.9548913038295248	0.10718785592423373	0.9610389561364145
33	0.1357329337493233	0.952173912525177	0.1097445066099043	0.9610389561364145
34	0.13504058783468992	0.9565217386121335	0.11125421728858184	0.9567099518074101
35	0.13404854937739993	0.9576086951338727	0.10724822246344574	0.9632034583009167
36	0.13591738304366235	0.9543478266052577	0.10776981471098347	0.9610389561364145
37	0.13579810112714769	0.9548913048661274	0.10191980821939257	0.9610389561364145
38	0.13329000926536064	0.9548913048661274	0.10745355478806413	0.9610389561364145
39	0.12933488682560298	0.9581521744313447	0.10342594232910123	0.9632034583009167
40	0.12872645854949952	0.956521739648736	0.10396797892141652	0.9632034583009167
41	0.12040059022281481	0.9641304342643074	0.1003443297014866	0.9632034583009167
42	0.12769683236661164	0.9559782613878665	0.10217473364850402	0.9632034583009167
43	0.11948375831479612	0.960326087474823	0.10422452512596335	0.9610389561364145
44	0.12439445496901222	0.9603260869565218	0.10187339413411174	0.9653679604654188
45	0.11458754073018614	0.9641304353009099	0.1005168039819379	0.9653679604654188
46	0.11174808202878289	0.9641304347826087	0.10022714385738621	0.9653679604654188
47	0.11360215081468872	0.9608695657356926	0.10383475925047676	0.9610389561364145
48	0.11400300517030384	0.9635869560034379	0.1030380932364242	0.9610389561364145
49	0.1111050792362379	0.9597826092139534	0.09837118586226976	0.9653679604654188
50	0.12466731583294662	0.9581521733947422	0.10037767663759328	0.9632034583009167
51	0.11831086653730144	0.9641304342643074	0.09753078710916754	0.9632034583009167
52	0.11766411892097929	0.9630434787791708	0.09607388507332895	0.9653679604654188
53	0.11510934104090152	0.957065216873003	0.096155089136713	0.9653679604654188
54	0.11679566842706307	0.9608695657356926	0.09506540801940543	0.9653679604654188
55	0.10893957083639891	0.9646739130434783	0.09821820243773781	0.9632034583009167
56	0.11053038602289947	0.9657608690469162	0.09628380116607461	0.9632034583009167
57	0.10836113950480586	0.9663043483443882	0.09408593286651296	0.9653679604654188
58	0.10808323777240256	0.9646739135617796	0.09679217579335103	0.9632034583009167
59	0.11112704911957616	0.964673912525177	0.0954823824718143	0.9632034583009167
60	0.10896927202525346	0.9635869560034379	0.09345663670305308	0.9632034583009167
61	0.10526426314659741	0.9641304353009099	0.10043927303866132	0.9632034583009167
62	0.11406932748530223	0.966304347826087	0.09153491382797559	0.967532462629921
63	0.10218586461699528	0.9690217396487361	0.09542842010979528	0.9653679604654188
64	0.1074184403795263	0.9641304347826087	0.09778868584405809	0.9632034583009167
65	0.10597719154928041	0.9690217396487361	0.09410497592157357	0.9653679604654188
66	0.11266267170076785	0.9657608690469162	0.08730246403226347	0.9696969647944231
67	0.10883145604444587	0.9663043483443882	0.09149209927622375	0.9632034583009167
68	0.10740036387806354	0.9619565212208292	0.09070344866773525	0.9632034583009167
69	0.10215545653001122	0.9679347826086957	0.08951095186851242	0.9653679604654188
70	0.10025779183792032	0.9690217396487361	0.09191861498730007	0.9653679604654188
71	0.10147098017775494	0.9668478255686552	0.08708247080348529	0.9696969647944231
72	0.10417329280272775	0.9695652168730031	0.0894411186973899	0.9653679604654188
73	0.1036552664378415	0.9657608690469162	0.08907698846353597	0.9653679604654188
74	0.10061730220913886	0.9668478260869565	0.08627241450761046	0.9696969647944231
75	0.09978047771298366	0.9701086961704751	0.08959998907239149	0.9653679604654188
76	0.0954407525451287	0.9701086951338727	0.0899174382982703	0.9653679604654188
77	0.09248553585747014	0.9695652168730031	0.08582684966973413	0.9696969647944231
78	0.09724904554693595	0.9663043483443882	0.09231558234080092	0.9653679604654188
79	0.10126850306987763	0.9668478260869565	0.09369590744634211	0.9653679653679653
80	0.09973364621400833	0.9722826092139535	0.08443577628727857	0.9696969647944231
81	0.09768746883972831	0.9684782608695652	0.08708057159888538	0.967532462629921
82	0.08962557406529137	0.9673913038295249	0.08768195375090554	0.967532462629921
83	0.09290854312155558	0.9739130439965621	0.08648246643637424	0.967532462629921
84	0.09586053231488104	0.9668478255686552	0.08631738946164325	0.967532462629921
85	0.09295612197855245	0.970108695652174	0.0842227985300285	0.9696969647944231
86	0.09662606845731321	0.9733695646990901	0.08739533997040032	0.967532462629921
87	0.09567206087319748	0.9701086961704751	0.0836348884065688	0.9696969647944231
88	0.0845584509489329	0.9722826092139535	0.08461948336622158	0.9696969647944231
89	0.08341612595578898	0.9717391309530838	0.08519654153358369	0.967532462629921
90	0.0905492302192294	0.9739130434782609	0.08121980171957058	0.9718614669589253
91	0.08961605957668761	0.9695652179096056	0.08304934818862063	0.9696969647944231
92	0.08396370313737704	0.9717391309530838	0.08399528722194108	0.9696969647944231
93	0.08539693378235982	0.971195652173913	0.08217947598691884	0.9718614669589253
94	0.0891163346560105	0.9706521744313448	0.08172248387749577	0.9718614669589253
95	0.09185320696105127	0.9717391304347827	0.07939181069629792	0.9761904712879297
96	0.08921442660300628	0.972826087474823	0.08050974060124133	0.9761904712879297
97	0.08994593762833139	0.9695652179096056	0.08280555807150804	0.9696969647944231
98	0.09206099074495876	0.9722826086956522	0.08233494198683536	0.9696969647944231
99	0.08338566189226897	0.9739130429599596	0.08249632094168302	0.9696969647944231

The optimal condition:
	epoch: 96
	train_acc: 0.972826087474823
	val_acc: 0.976190471288
	using time: 106.590340853
