The number of train datas: 2416
The number of test datas: 604
epoch	train_loss	train_acc	val_loss	val_acc
0	0.708303041410762	0.5020695376080393	0.6854485265466551	0.5513245015349609
1	0.695320129789264	0.5223509937722162	0.6717337950175961	0.5844370860927153
2	0.6762657808941721	0.5736754955045434	0.655537818046595	0.6291390750187122
3	0.6570000585341296	0.6138245044954566	0.6341962865646312	0.7367549660979518
4	0.6334872612890029	0.6622516564186046	0.6044000513506251	0.8062913934916061
5	0.599734043048707	0.7160596014648084	0.560158780473747	0.8576158928555369
6	0.5496962840193944	0.7826986762861542	0.49520397502065494	0.9072847646593258
7	0.4859841736341944	0.8290562902065303	0.4123421524534162	0.9503311274067455
8	0.40856160647821743	0.8663079458356693	0.3263993604688455	0.9569536435683041
9	0.33853028033742844	0.9010761593351301	0.2526423871911914	0.9586092719179116
10	0.2726246650447909	0.9192880782860005	0.20236175985920507	0.9635761593351301
11	0.22654513126572237	0.9329470210517479	0.16929560554343343	0.9619205301960573
12	0.2020830972897296	0.9325331125827815	0.15128789402988574	0.9635761593351301
13	0.18339187597596882	0.9408112578834129	0.13999872644808117	0.9635761593351301
14	0.17093365881221972	0.9432947031709532	0.13227443688160537	0.9635761593351301
15	0.16589421418723682	0.9437086104557214	0.1285390875098721	0.9635761593351301
16	0.15763731266291725	0.9453642392000615	0.125514368989215	0.9635761593351301
17	0.1518833398424237	0.9519867549668874	0.12522599515535973	0.9602649010569844
18	0.13237970036189287	0.9540562921801939	0.12063152165405008	0.965231788474203
19	0.13632218164718704	0.9586092711284461	0.13017619386414028	0.9569536427788387
20	0.13546060538844557	0.9586092719179116	0.1221013982959141	0.9602649010569844
21	0.1251427528775291	0.9561258266303713	0.12016731251450564	0.9602649010569844
22	0.12443116119760551	0.9561258270251041	0.11863176581381962	0.9635761593351301
23	0.12853315383787975	0.9548841071444631	0.12376405806928281	0.9602649010569844
24	0.12406842183593093	0.9586092727073771	0.11877988204853424	0.9635761593351301
25	0.12065562043363685	0.9627483435813954	0.12050998585903092	0.9619205301960573
26	0.11812474924010156	0.9590231795974126	0.11716305363355883	0.9635761593351301
27	0.11501048776685008	0.9631622508661637	0.12122840851249285	0.9619205301960573
28	0.11708738960769792	0.9631622504714309	0.11423679192038562	0.965231788474203
29	0.11098371130346463	0.9639900658304328	0.1260270511373779	0.9569536427788387
30	0.11309150739616117	0.9602649002675189	0.11387884387413398	0.965231788474203
31	0.11417046554435957	0.9610927148370554	0.1204107663538677	0.965231788474203
32	0.10653799801867529	0.9631622524450947	0.11295425657503652	0.9668874176132758
33	0.10509928626729953	0.964403973115201	0.11347185926425536	0.965231788474203
34	0.10426477012255334	0.9648178796105037	0.1144112026602622	0.965231788474203
35	0.09992285238097835	0.9664735087495766	0.11491951072551557	0.9668874176132758
36	0.10066510967614241	0.9685430463576159	0.11390850019474692	0.9668874176132758
37	0.10365844374855622	0.9652317892636685	0.1161841329754583	0.9668874176132758
38	0.0894390062385837	0.9706125815972587	0.11174809436825726	0.9685430467523486
39	0.09320326021175511	0.9693708617166178	0.11292657401684104	0.9685430467523486
40	0.09505605416384753	0.9689569528529186	0.11573879282600832	0.9668874176132758
41	0.09069380677298994	0.9701986762861542	0.11022443647514905	0.9701986758914215
42	0.09854969421759346	0.9673013256875095	0.11236373295649787	0.9701986758914215
43	0.09259281075553388	0.9718543058199598	0.1116941999767395	0.9701986758914215
44	0.08918101113560974	0.9710264892767597	0.11302772250692576	0.9701986758914215
45	0.08953814751265064	0.9714403985351916	0.10766368435806786	0.9701986758914215
46	0.08927489343463191	0.9706125839656552	0.1106117522677049	0.9701986758914215
47	0.08547076109229335	0.9714403961667951	0.11363606719879915	0.9701986758914215
48	0.08657826405536655	0.9735099337748344	0.10857606634793691	0.9701986758914215
49	0.09005861596161166	0.9706125819919914	0.10898092398975069	0.9701986758914215
50	0.0813523285855718	0.9739238398754044	0.11019681061044434	0.9701986758914215
51	0.0816634554440612	0.9722682123152625	0.10869682915755455	0.9701986758914215
52	0.08091131124078044	0.9743377471601726	0.10938755575789522	0.9701986758914215
53	0.08588032049453811	0.9726821199947635	0.10746532858700941	0.9701986758914215
54	0.07906984301000242	0.97516556330864	0.10826859786021	0.9701986758914215
55	0.08501375649149055	0.9706125835709224	0.10758445609286921	0.9701986758914215
56	0.0715506523354164	0.9780629143020175	0.10900803850285265	0.9701986758914215
57	0.08165518900021812	0.9726821199947635	0.10635002690139196	0.9718543050304943
58	0.08000964402461684	0.9726821184158325	0.1065051035573151	0.9718543050304943
59	0.07076543034208531	0.9780629131178192	0.10931400130718749	0.9701986758914215
60	0.07706708046576835	0.97557946940921	0.10788445719918668	0.9718543050304943
61	0.07435072326896996	0.9747516564186046	0.10791390672918187	0.9701986758914215
62	0.06841352752206341	0.9776490054383183	0.11137342501110983	0.9685430467523486
63	0.07622722987801034	0.9759933774834437	0.10543908008577808	0.9718543050304943
64	0.07228852065884514	0.97516556330864	0.1078912140616518	0.9701986758914215
65	0.06344592586061024	0.9826158936450023	0.10764241003930963	0.9718543050304943
66	0.07399875404226859	0.9747516560238718	0.11183642010074972	0.9685430467523486
67	0.06579302239003561	0.9813741725801632	0.10822598633683281	0.9701986758914215
68	0.06962754384966086	0.9797185422568921	0.10987379619025237	0.9685430467523486
69	0.06741399012061934	0.978062913512552	0.10794287619014449	0.9701986758914215
70	0.06509338475961164	0.9780629139072847	0.1055308555481055	0.9718543050304943
71	0.06613728191876253	0.9784768219815184	0.10526674334576588	0.9718543050304943
72	0.07104474335711523	0.9793046361563221	0.1063896171649955	0.9718543050304943
73	0.06670973528891999	0.9793046349721239	0.1069771618341768	0.9718543050304943
74	0.06889403458462645	0.9784768215867857	0.10582585109780167	0.9718543050304943
75	0.06458116917322014	0.9817880798649314	0.10520160930934332	0.9718543050304943
76	0.06443599650994042	0.9797185422568921	0.10743948235022312	0.9718543050304943
77	0.06142406239612213	0.981374171395965	0.10686881008823186	0.9718543050304943
78	0.06442348136017655	0.9817880802596641	0.10421888404433301	0.9718543050304943
79	0.05677348325978841	0.9826158932502697	0.10692086361891387	0.9718543050304943
80	0.05972894593234489	0.9809602649006622	0.10540210282960474	0.9718543050304943
81	0.05743242484449551	0.981374171395965	0.10502377182047888	0.9718543050304943
82	0.06354716124124085	0.9805463568264285	0.10581842664357842	0.9718543050304943
83	0.0625842527936626	0.9817880798649314	0.1047238294799991	0.9718543050304943
84	0.05619054497373815	0.983029801719236	0.10668885873149563	0.9701986758914215
85	0.05679100275730455	0.980960263716464	0.10561577477399876	0.9718543050304943
86	0.05295711340049639	0.9817880782860005	0.106676735353983	0.9701986758914215
87	0.05635569799716109	0.9817880794701986	0.10473382532201855	0.9718543050304943
88	0.059825674562856854	0.9817880782860005	0.10643601390403627	0.9701986758914215
89	0.05311578001506281	0.9826158928555369	0.10761428836560408	0.9701986758914215
90	0.05787431823694154	0.983029800140305	0.10339101986182446	0.9718543050304943
91	0.05696067589008256	0.980132451515324	0.10530892123054984	0.9701986758914215
92	0.05143280929287538	0.984685430858309	0.10555993800131691	0.9701986758914215
93	0.055177304202949765	0.9834437090040042	0.10727227790071475	0.9701986758914215
94	0.051731813995056594	0.983029800140305	0.10373808478085411	0.9718543050304943
95	0.04641171095781768	0.9871688745669182	0.10539208804041345	0.9701986758914215
96	0.05038183678360964	0.9863410584184508	0.10536051282523484	0.9701986758914215
97	0.05024620175164267	0.983029801719236	0.10682150531584854	0.9701986758914215
98	0.053167678452781496	0.9822019867549668	0.10940924491609959	0.9718543050304943
99	0.05380643095007006	0.984685429279378	0.10652791743246925	0.9701986758914215

The optimal condition:
	epoch: 98
	train_acc: 0.9822019867549668
	val_acc: 0.97185430503
	using time: 210.910075903
