The number of train datas: 6704
The number of test datas: 1676
epoch	train_loss	train_acc	val_loss	val_acc
0	0.7034319989152057	0.5080548927436865	0.6873688727688391	0.5584725536992841
1	0.6860525357694786	0.5419152743207526	0.6761536790249171	0.6115751789976134
2	0.6726322013324656	0.5872613363732586	0.6628273931778701	0.6193317421011822
3	0.6521114796613452	0.6208233890214797	0.638560851604671	0.680190930645335
4	0.6285580223101704	0.6540871123140922	0.6095498810235527	0.7004773268267193
5	0.6047526120001491	0.6886933174224343	0.5799556183217534	0.7124105010510628
6	0.5652859183939658	0.7176312649164678	0.5526716852102758	0.7195704055856691
7	0.5437350687092983	0.7340393794749404	0.5363817461777416	0.7356801907885331
8	0.5180018962425378	0.75	0.525807711275779	0.7380668259179108
9	0.5063502445710303	0.7599940334128878	0.5147161808816232	0.7428400956076483
10	0.4899998390446984	0.7717780429594272	0.5089747668877422	0.7494033414310374
11	0.47672859751808333	0.7828162289746906	0.5022460829671073	0.7505966588534717
12	0.4703856242158248	0.7865453460620525	0.49190648728737113	0.7523866349871232
13	0.4552064042956277	0.7919152743207526	0.4831864946924132	0.7643198092114669
14	0.44281741279690817	0.7999701669221846	0.4784942878885884	0.7684964201899872
15	0.4327415236425286	0.8074284008123994	0.4686872800523171	0.7732696898797247
16	0.42511985915088424	0.8168257755140701	0.4639051416466515	0.7804295944143309
17	0.4120981290687525	0.8227923627684964	0.46205062726801505	0.777446300858245
18	0.40545092469752547	0.8239856800486762	0.4525337882855627	0.7869928402377199
19	0.396212937937147	0.8298031027675529	0.44099979035040643	0.793556086061109
20	0.38932026705764644	0.8371121718377088	0.4483085820953715	0.7863961815265027
21	0.3780610110424014	0.8371121719799633	0.42274518108311016	0.813245823531276
22	0.3658358598381352	0.849791169451074	0.42424811860257516	0.8001193318844979
23	0.3620207777029006	0.8515811455847255	0.40862569376506214	0.8174224345097962
24	0.3566714255650459	0.85053699298235	0.4067014812854139	0.813245823531276
25	0.34921327290216325	0.8575477325546429	0.3991085180661559	0.8221957041995338
26	0.3399328688306285	0.8612768494997503	0.3918055984456101	0.8275656326004884
27	0.3364845283133887	0.8605310262529833	0.3838019432913432	0.8299522674453571
28	0.3310462073522991	0.8641109786625409	0.3902305508285832	0.8329355610014431
29	0.32213495995378155	0.8714200475904423	0.371420001997868	0.8389021481136149
30	0.3176416404065198	0.8744033411465283	0.373984162662365	0.8442720765145696
31	0.3122635124549092	0.8755966585689626	0.37001277001347915	0.8496420049155242
32	0.30848297441204864	0.8803699282587001	0.3648721710523159	0.8526252984716102
33	0.3000949515932215	0.8776849640582228	0.36681907003420916	0.8484486874930899
34	0.29646380647554604	0.8817124106434479	0.35191617219715526	0.8538186158940445
35	0.2915996461395432	0.8854415275885552	0.3589840651198617	0.8520286397603929
36	0.29319455138538786	0.8817124105011933	0.3459086137910447	0.8544152746052617
37	0.28608097118238845	0.888573985680191	0.34606457492758946	0.8538186158940445
38	0.2848883607649291	0.884844868877338	0.3452721600529687	0.8538186158940445
39	0.2735276870909625	0.8926014318386524	0.33505054803338424	0.858591885583782
40	0.2698904706214095	0.8931980908343786	0.3374604157445539	0.8597852030062163
41	0.2713242498246468	0.8939439140811456	0.3378071935762938	0.855608592027696
42	0.26590067955503033	0.8984188544152745	0.332107064156373	0.8627684965623023
43	0.2624189447531552	0.8985680189508243	0.3295924669233882	0.8621718378510851
44	0.26462651846090196	0.8973747016706444	0.33395597818785466	0.8597852030062163
45	0.25858440209260136	0.8991646776620414	0.32483899547120554	0.8621718378510851
46	0.257582732167335	0.8955847253947383	0.32822622774893456	0.8633651552735194
47	0.24956235438940919	0.9045346062052506	0.32060696771435065	0.8609785204286508
48	0.2507528424405255	0.9012529831513015	0.32124502661689086	0.8657517901183882
49	0.2452828953118199	0.903937947636288	0.32429705837603684	0.87171837723056
50	0.23764826261342853	0.9036396181384249	0.316574154577278	0.8645584726959538
51	0.2451302925200337	0.9014021481136149	0.3165502011918225	0.868735083674474
52	0.23791634396323155	0.9078162289746906	0.32783831360801025	0.8657517901183882
53	0.23577029451834558	0.9045346062052506	0.31330328379582106	0.8645584726959538
54	0.23763855093276587	0.902744630071599	0.3118607650793253	0.8675417662520397
55	0.23127483816590685	0.9078162289746906	0.3129995674392773	0.8699284010969085
56	0.22825433459657474	0.9091587113594383	0.31420453579158375	0.87171837723056
57	0.22504098884103407	0.9082637232926125	0.31490304589556056	0.8723150359417772
58	0.2237692947248286	0.9118436752754066	0.3129055342127998	0.8729116946529943
59	0.21809338374610163	0.9139319809069213	0.3080909188152213	0.8711217185193428
60	0.21436401341012667	0.9161694509317312	0.3156456045788626	0.8741050120754288
61	0.21670762949171954	0.9158711218606316	0.3270840921877108	0.8699284010969085
62	0.2122030304767067	0.9187052505966588	0.3118936466786628	0.8741050120754288
63	0.21061085221448775	0.918556086061109	0.313314907590643	0.874701670786646
64	0.2080052459261298	0.9154236278272188	0.31664103977293273	0.8764916469202975
65	0.20809400423045374	0.9209427206214686	0.3109623959070174	0.8735083533642115
66	0.20454479373440254	0.9218377086882944	0.3148011505461536	0.8752983294978631
67	0.20006435181332088	0.9249701669221846	0.30776096645715983	0.8729116946529943
68	0.20199196079750334	0.9227326968973747	0.3069654140167987	0.8735083533642115
69	0.1972507882978865	0.9228818617174335	0.31106216540484555	0.8770883056315146
70	0.19614126428357173	0.9237768494997503	0.31880958392540426	0.8770883056315146
71	0.19048688975040554	0.9255668259179108	0.30533989915415327	0.874701670786646
72	0.19170791493964365	0.9255668259179108	0.3224967081179767	0.8794749404763834
73	0.1918814677327231	0.9263126491646778	0.30831599687192773	0.8764916469202975
74	0.18983124054274866	0.929445107398568	0.3080363225609704	0.8770883056315146
75	0.18826245569884065	0.9288484485450963	0.30381668037190357	0.87171837723056
76	0.18755783097982975	0.9278042958004662	0.3045531771276902	0.8776849643427318
77	0.1783288145051082	0.9325775654902038	0.3169858823741535	0.8776849643427318
78	0.18134103898572468	0.9304892601431981	0.3105343208606033	0.8782816230539491
79	0.18389817624217286	0.9301909309298441	0.33054619853280326	0.8758949882090803
80	0.17871307515870416	0.9334725536992841	0.31394534741210484	0.8788782817651662
81	0.1728255000489993	0.9327267303102625	0.32130271658692555	0.8794749404763834
82	0.17433447033380267	0.9348150357995226	0.3127687087278093	0.8800715991876006
83	0.1700236349231019	0.9331742244859299	0.31113311310514347	0.8788782817651662
84	0.1741416962519466	0.9336217185193428	0.3038870765869828	0.8794749404763834
85	0.16511771495416228	0.9351133652973858	0.3090843299052596	0.8782816230539491
86	0.16874816963951456	0.9334725536992841	0.311297107674626	0.8806682578988178
87	0.16132777145127977	0.9380966585689626	0.3171762789561811	0.8800715991876006
88	0.16421006002901278	0.935262529690681	0.30963678273921363	0.8794749404763834
89	0.1628374171072088	0.9374999998577455	0.30700845945279753	0.8818615753212521
90	0.16231221785693295	0.9380966588534717	0.31802215500065706	0.8842482101661209
91	0.15873614458593946	0.94078162276944	0.31301280767223433	0.8782816230539491
92	0.15621926783092835	0.9397374701670644	0.33736251187921995	0.8800715991876006
93	0.15566748919450013	0.9364558472553699	0.31631181323300683	0.8800715991876006
94	0.15543253198799484	0.9443615753212521	0.3149171535610299	0.8800715991876006
95	0.15228143581555964	0.9439140812878393	0.314290771941012	0.8812649166100349
96	0.14986261871236606	0.9440632456811345	0.31285440594598046	0.8830548927436865
97	0.1491800710594455	0.9437649164677804	0.3343678133157671	0.8782816230539491
98	0.14659785895401653	0.9443615753212521	0.3210695741569228	0.8818615753212521
99	0.14615902190845736	0.9427207635808958	0.3214435770503092	0.8800715991876006

The optimal condition:
	epoch: 90
	train_acc: 0.9380966588534717
	val_acc: 0.884248210166
	using time: 507.746492863
