The number of train datas: 2714
The number of test datas: 680
epoch	train_loss	train_acc	val_loss	val_acc
0	0.7311118848199079	0.5103168754605748	0.6975984110551722	0.5073529412641244
1	0.7030105246896681	0.5158437730726637	0.6877755887368147	0.5426470589988371
2	0.6910728900504621	0.5361090640241641	0.6799200717140647	0.5779411761199726
3	0.687826148314606	0.5478997788362496	0.6730589095283958	0.5999999996493844
4	0.6752081893346024	0.5740604276330311	0.6673705150099362	0.6249999996493845
5	0.6719269214874695	0.5987472368147589	0.6606922612470739	0.6720588242306429
6	0.6642686525687806	0.6079587327177769	0.6538484222748701	0.6852941169458278
7	0.6643451036735765	0.5921149596011893	0.6468971147256739	0.6926470602259917
8	0.6542898993239126	0.6234340456450961	0.6397335382068858	0.7014705896377563
9	0.6435277603440366	0.6341193810753201	0.6311715427566977	0.7279411778730505
10	0.6365094455446315	0.6510685337494644	0.6221405211616965	0.7382352948188782
11	0.6312420836861905	0.6577008107434148	0.6114298413781559	0.7544117647058823
12	0.6182567124957097	0.6635961681933814	0.6009625042186064	0.7661764691857731
13	0.6058987168239687	0.6857037584221178	0.586671879011042	0.7897058816517101
14	0.5959136617385735	0.7008106117751024	0.5734634897288154	0.7897058816517101
15	0.583223514549857	0.7137067058812017	0.5624787071171928	0.7941176477600547
16	0.572342752444015	0.7166543845402993	0.5461338744444005	0.7985294110634747
17	0.5590218488310924	0.729182019291683	0.5333064447431003	0.801470587534063
18	0.551051749713999	0.7343404567584274	0.5201991270570194	0.801470587534063
19	0.5314866586388607	0.7593957257780329	0.5069574860965504	0.8102941169458278
20	0.5216555007477411	0.761974944818872	0.49652984563042135	0.8088235301129958
21	0.5108446179722369	0.7553426677809978	0.48472279976396	0.8147058816517101
22	0.5042864973701443	0.7582903464840192	0.4750256103627822	0.8191176477600547
23	0.4837563128575035	0.7800294768748779	0.4635772028390099	0.8279411778730504
24	0.4765911578868537	0.7859248340613014	0.45384927707559924	0.8294117661083446
25	0.47522398111305436	0.7781871776415656	0.4475008179159725	0.8323529425789328
26	0.46219080067243135	0.7892409728657435	0.4412907929981456	0.8264705896377563
27	0.4584056336210331	0.7870302134870868	0.4338591908707338	0.8367647072848152
28	0.44263917662329594	0.8014001472082398	0.42668325515354383	0.8426470602259917
29	0.43505476752272754	0.8017686073535844	0.4194938540458679	0.8485294131671681
30	0.4306778195331267	0.802137067191462	0.41674374447149387	0.8470588235294118
31	0.42933718481306304	0.8021370672353858	0.41335363913984857	0.8411764719906976
32	0.4113397337578638	0.814664701635379	0.40797446159755485	0.8382352955201093
33	0.41861980345289584	0.8113485631823276	0.40328647248885213	0.8441176470588235
34	0.41057118771264195	0.8279292554915083	0.4004324488780078	0.8426470588235294
35	0.39782870435152495	0.8260869563021199	0.39669456411810483	0.8382352955201093
36	0.3967900231601389	0.8257184967717092	0.3926380883244907	0.8426470588235294
37	0.3928015451924978	0.827192336079296	0.3891074299812317	0.8441176470588235
38	0.38667560618593133	0.8305084746641188	0.39034281127593096	0.8426470574210672
39	0.38141556768269774	0.8367722919519631	0.384258374747108	0.8485294103622436
40	0.37640085842737664	0.8452468679156827	0.38100363542051874	0.8485294103622436
41	0.38813044672163427	0.8375092115837947	0.380161927728092	0.8455882338916554
42	0.3721426587247111	0.8338246132050179	0.3773355960845947	0.8514705868328318
43	0.3681140132660188	0.8415622694490583	0.37518475371248583	0.8514705868328318
44	0.35826660900231927	0.8577745026670666	0.37379252419752235	0.8455882352941176
45	0.3812898609597804	0.8422991894322805	0.3741027775932761	0.8411764719906976
46	0.3641443035799348	0.8404568900671968	0.37457129078752854	0.8455882338916554
47	0.35101715574698494	0.8559322034337543	0.3693103692110847	0.8514705868328318
48	0.3466016837974287	0.8599852617382564	0.37201256050783044	0.8485294103622436
49	0.3494184610153176	0.8504053059095131	0.3688632176202886	0.8470588221269495
50	0.3494662204997541	0.8515106851596032	0.3649434089660645	0.8499999985975377
51	0.3357109067276636	0.8581429624610204	0.3665889115894542	0.8441176456563613
52	0.3363192815199088	0.8592483417111104	0.3677030135603512	0.8455882338916554
53	0.3314676319819298	0.8651436993806961	0.36323469386381263	0.8470588221269495
54	0.3307436268471934	0.861459101133691	0.3589016437530518	0.8485294103622436
55	0.31981391459154396	0.8688282974959298	0.3594410114428576	0.8485294103622436
56	0.32905203130373467	0.8625644806473239	0.35732295933891745	0.8470588221269495
57	0.3183718243985819	0.8673544584958098	0.35902246166678037	0.8470588221269495
58	0.3127855145281171	0.8806190125715583	0.35407408230444964	0.8470588221269495
59	0.3150289359783195	0.8695652175230758	0.35708736531874713	0.8470588221269495
60	0.3069487810354507	0.8773028737671162	0.35329213317702796	0.8485294103622436
61	0.30731700577099885	0.8736182756958064	0.35990693832145015	0.8485294103622436
62	0.3128006526803654	0.8725128959186303	0.35107761901967666	0.8455882338916554
63	0.29692227681638916	0.8776713338246132	0.3493883869227241	0.8499999985975377
64	0.2849197907094667	0.8876197491837672	0.35037788801333486	0.8499999985975377
65	0.28378576107251796	0.8861459100957996	0.35603762900128083	0.8499999985975377
66	0.2926332215746273	0.8820928517034499	0.3459768491632798	0.8514705868328318
67	0.2759466761161759	0.8872512893898133	0.349262075213825	0.8544117633034202
68	0.2783126858287466	0.8850405306700142	0.345307396439945	0.8529411750681261
69	0.2797969481966121	0.8843036106428682	0.34380884608801676	0.8499999985975377
70	0.2763834190153426	0.8901989683124539	0.3447211255045498	0.8529411750681261
71	0.2637601746472701	0.8935151070290483	0.34541512254406426	0.8529411750681261
72	0.2646752846926209	0.8971997052760535	0.34163146825397717	0.8558823515387143
73	0.2622432443879506	0.8994104640397765	0.3420242165817934	0.8514705868328318
74	0.25597753057869904	0.9030950626820963	0.34152473298942343	0.8514705868328318
75	0.25532940250815234	0.8971997052760535	0.340344380105243	0.8529411750681261
76	0.25959412446115154	0.8953574057791983	0.34200810579692614	0.8558823515387143
77	0.24913054705764234	0.9008843033473634	0.33830614125027375	0.8529411778730505
78	0.24927722307453282	0.9019896829488441	0.34183139275102054	0.8588235280093025
79	0.24552947806033829	0.9027266025367517	0.3496999723069808	0.8514705889365253
80	0.24874826209371198	0.9042004419761102	0.33643791097051956	0.8573529397740084
81	0.24606949374266382	0.9034635222125071	0.34262279131833245	0.8558823536424076
82	0.2360657796472333	0.908990419824596	0.33664827048778534	0.8588235280093025
83	0.2359991910357465	0.9038319821382325	0.33589412254445694	0.8455882366965799
84	0.23423765598629534	0.9082535004123836	0.3323040618615992	0.8558823515387143
85	0.23191357539608448	0.9141488575548834	0.33170268553144794	0.8573529397740084
86	0.22589433458945993	0.9148857774941818	0.33102073406471927	0.8558823515387143
87	0.2257425308820511	0.9185703758290347	0.33151339362649357	0.8544117633034202
88	0.21814041337109524	0.9196757550791247	0.33567105303792394	0.8632352948188782
89	0.22413557484559302	0.9123065586729618	0.332521037494435	0.8647058830541723
90	0.21778712913053563	0.9115696390411304	0.33210339283241946	0.8632352948188782
91	0.21705131767511193	0.9193072952851709	0.3311828471281949	0.86029411834829
92	0.2142291069689619	0.9156226968624702	0.3455445641980452	0.8588235301129958
93	0.210198853173147	0.9200442152244691	0.3368092920850305	0.8647058830541723
94	0.20983993148399613	0.9189388354033693	0.33724657489972953	0.8647058830541723
95	0.20256667321186866	0.9185703758729584	0.33222687665153955	0.8485294131671681
96	0.2077615841531367	0.9215180545759798	0.33034558822126947	0.8573529418777017
97	0.19635064040112338	0.9252026526472897	0.3383335027624579	0.86029411834829
98	0.19098034574648168	0.9266764920427242	0.33348713359412024	0.86029411834829
99	0.19306431274775995	0.9288872513335332	0.33534667316605066	0.8588235301129958

The optimal condition:
	epoch: 94
	train_acc: 0.9189388354033693
	val_acc: 0.864705883054
	using time: 265.692511082
