The number of train datas: 2818
The number of test datas: 706
epoch	train_loss	train_acc	val_loss	val_acc
0	0.7185846576460546	0.4936124911284599	0.701384785830468	0.5028328611053758
1	0.7095789562902863	0.49041873669268987	0.6973598374861159	0.5070821528056526
2	0.7012843636437627	0.5099361249112846	0.6941442163740271	0.519830028244186
3	0.695872626040657	0.5117104329311568	0.6918873949023887	0.5155807367127611
4	0.6918652724339829	0.5280340667139816	0.689764388559898	0.526912182991633
5	0.6896069968652014	0.5418736692689851	0.6876284981584414	0.5453257803876407
6	0.6889422949617683	0.5383250532292406	0.684140697754814	0.5679886687240925
7	0.6869676363561237	0.5312278211497516	0.6810590800415017	0.5807365442470518
8	0.6864644047044709	0.5532292405961675	0.6784404262942565	0.5849858373825678
9	0.6759894719946207	0.5738112136266856	0.6754449440467121	0.6104815852203045
10	0.675858939007041	0.5720369056068133	0.6724720568562365	0.6246458915070163
11	0.6740363650156134	0.5791341376863024	0.6696962167115792	0.6133144469166613
12	0.672981301971663	0.5848119233498935	0.6657399251508308	0.6586402257846368
13	0.6693415488648533	0.5936834634492548	0.6626891951385369	0.6501416410332699
14	0.6629094938761465	0.5982966643009227	0.658403328728068	0.6671388117179654
15	0.6581334895999656	0.6103619588360539	0.653083582268896	0.7167138830460502
16	0.6513193920201829	0.6291696238466998	0.647173421578772	0.7167138816952368
17	0.64592075220992	0.6383960255500355	0.6417876130798383	0.7237960345008894
18	0.643066373296119	0.6518807665010646	0.6346030588190549	0.7464589255389681
19	0.6397924630501493	0.6465578424414479	0.6268661299103042	0.7365439096861452
20	0.6331570749590801	0.662526614620298	0.6178576632194411	0.7549575065755979
21	0.626209455064377	0.6692689850958127	0.6091992453205012	0.7563739386901639
22	0.6149009387488057	0.6795599716110717	0.5969153060116106	0.7762039668499241
23	0.603389963306714	0.7072391767210788	0.5839874247991329	0.7889518406843666
24	0.5891331007414629	0.7107877927608233	0.5748962534554619	0.7762039671876275
25	0.5853683393081086	0.7171753016323634	0.5642487472582809	0.7818696902426376
26	0.5670716340360784	0.7444996451383961	0.5407470280658084	0.8427762036283023
27	0.5456677825422132	0.7682753726046841	0.5183472866377141	0.8611897998423482
28	0.5291788472276449	0.7757274662881476	0.49918900409096023	0.8668555237416168
29	0.502264234341147	0.7888573456352023	0.48596859636793055	0.8441926343920548
30	0.4978244780986507	0.7963094393186657	0.4527434443279299	0.8909348438549312
31	0.47325714303721256	0.8073101490418737	0.4393208264122604	0.8767705380747743
32	0.4512304345329574	0.8172462739531583	0.4087102158211446	0.898016995478622
33	0.4193515407861421	0.8474095102909865	0.38561803929866545	0.886685551901377
34	0.42480122567153805	0.8239886444286728	0.3721947426836484	0.890934842335266
35	0.3917378946091792	0.8534421575585521	0.35023655313945695	0.9206798865167007
36	0.36988943992903084	0.8623136976579134	0.32524533928622607	0.9036827219106658
37	0.34531202349174606	0.8768630234208659	0.3090988856030591	0.9050991511547531
38	0.3238133655912577	0.890347764371895	0.2937835598464728	0.922096318462415
39	0.3164784140498863	0.8924769339957417	0.2797990743566843	0.9192634586234268
40	0.29964989620988636	0.8992193044712562	0.2693328537447932	0.9249291796522168
41	0.2839711926364577	0.9112845990063875	0.26077242600850276	0.9305949020318202
42	0.2738173968106445	0.9102200141944642	0.25053001163532646	0.9305949020318202
43	0.26827685125674483	0.9151880766501065	0.24998299292059187	0.9121813027784439
44	0.2568380591969189	0.9190915542938254	0.25060854636913654	0.9121813027784439
45	0.26474736884733396	0.9095102909865153	0.2560709666766796	0.9376770565259895
46	0.2492363320715128	0.9261887863733144	0.22861957250337087	0.9320113339775344
47	0.23791166199827296	0.9283179559971612	0.2251530883585765	0.9405099161961261
48	0.21872078175236775	0.9343506032647267	0.2695662196271818	0.9249291784702549
49	0.23573019278795584	0.9311568488289567	0.21675560612854133	0.9348441951673362
50	0.21792559269115044	0.9325762952448545	0.2134591224088885	0.9447592079808287
51	0.20857698316742038	0.9418026969481902	0.20990771903701275	0.9447592079808287
52	0.20259725260683795	0.9435770049680624	0.2142137405554904	0.9192634557529482
53	0.22118433675417415	0.9272533711852378	0.21644193174649906	0.9405099148453127
54	0.1975855605506237	0.9446415897799858	0.21045916362879297	0.9461756385757295
55	0.18846090782547437	0.9474804826117814	0.19872022519368288	0.9405099175469396
56	0.18956332232848053	0.9496096522356281	0.19907818781080056	0.9461756385757295
57	0.1841549810743907	0.9428672817601136	0.22331134388196908	0.9390934857700769
58	0.19184753906862206	0.9428672817601136	0.19843866564227908	0.9475920691706303
59	0.1825247458720975	0.9481902058197303	0.19763796200326753	0.9461756385757295
60	0.17950887530724827	0.9478353442157559	0.206497923869418	0.9461756358741026
61	0.17899317582811422	0.9520936834634492	0.19502430689908964	0.9475920691706303
62	0.17144589216003525	0.9517388218594748	0.19369138545084946	0.9490084984147177
63	0.1697113785054601	0.9506742370475515	0.19073439112972607	0.9433427787367413
64	0.16804669569249775	0.9485450674237047	0.19831908306386586	0.9475920664690034
65	0.16514929522270425	0.9485450674237047	0.19747929901897737	0.9475920664690034
66	0.16515392312519597	0.9513839602555003	0.1876147397010252	0.9504249290096186
67	0.17011628843542528	0.9535131298793471	0.18988586335361174	0.9475920678198169
68	0.1667567616747659	0.9510290986515259	0.20703542331713792	0.9461756400953947
69	0.16029341658610372	0.9510290986515259	0.18609665363773745	0.9475920678198169
70	0.1544364241736421	0.9538679914833215	0.20046605802966921	0.9461756358741026
71	0.16435550558569162	0.9520936834634492	0.18355694522938715	0.9504249290096186
72	0.14996663725824538	0.957416607523066	0.18291201575450788	0.9490084984147177
73	0.15247379379536008	0.9563520227111426	0.18401051969095938	0.9475920678198169
74	0.15155190254797574	0.9581263307310149	0.2095337232347926	0.920679886347849
75	0.18328945103152328	0.9347054648687012	0.20074597370438804	0.951841358253706
76	0.15607070812798185	0.9559971611071683	0.18398053040754356	0.9461756385757295
77	0.14166061627375182	0.9591909155429382	0.18486750113221134	0.9475920678198169
78	0.1436615874495085	0.9570617459190915	0.18321464930478978	0.946175637224916
79	0.1455016090931877	0.9620298083747338	0.18061865296309798	0.9419263467910269
80	0.14901762770857685	0.9584811923349894	0.1905522187987063	0.9490084984147177
81	0.14754775581607757	0.9602555003548616	0.17961712202674607	0.9419263467910269
82	0.14141687628138225	0.9630943931866572	0.179191731233097	0.9419263467910269
83	0.14013180899320765	0.9581263307310149	0.18043605780635272	0.9475920691706303
84	0.13783749418099847	0.9602555003548616	0.17999881142935065	0.9475920691706303
85	0.1348426872315751	0.9595457771469127	0.18013257467881816	0.9475920691706303
86	0.1283128530162501	0.9641589779985805	0.18329228163187633	0.9475920678198169
87	0.13494418423974489	0.9616749467707594	0.1821357496188315	0.9475920678198169
88	0.13033084669186765	0.9620298083747338	0.17922627811897915	0.9475920691706303
89	0.13527088838638018	0.9609652235628106	0.17843226607224083	0.9447592079808287
90	0.134609546260201	0.9620298083747338	0.17802830340166606	0.9447592079808287
91	0.12149096348681841	0.9680624556422995	0.1767204792658263	0.9447592079808287
92	0.11778026646448629	0.9623846699787083	0.1842098944205738	0.9475920678198169
93	0.12364678062376949	0.9666430092264017	0.17797529228854786	0.9447592079808287
94	0.12372587628912438	0.9662881476224272	0.17648109688130723	0.9447592079808287
95	0.12260518046961853	0.9652235628105039	0.1813192568487216	0.9475920678198169
96	0.11731513547846575	0.9677075940383251	0.1853482758694938	0.9419263481418404
97	0.13699569056607713	0.957416607523066	0.18246628586783287	0.9475920678198169
98	0.1218473766166968	0.9677075940383251	0.1796444543866868	0.946175637224916
99	0.11873035041405175	0.9673527324343506	0.17716188317233375	0.9461756385757295

The optimal condition:
	epoch: 75
	train_acc: 0.9347054648687012
	val_acc: 0.951841358254
	using time: 230.928153038
