The number of train datas: 3314
The number of test datas: 830
epoch	train_loss	train_acc	val_loss	val_acc
0	0.6996244759752438	0.5295715149116573	0.6853956753949085	0.5662650599537126
1	0.6898758825438528	0.5398310207068813	0.6829961110310382	0.5686746982206782
2	0.687999959659634	0.5458660237243828	0.6785022337752652	0.5879518056490335
3	0.6778638683030169	0.565178032732902	0.674476335134851	0.60602409480566
4	0.6737965892148291	0.5832830425767778	0.6710582537823413	0.6132530126226954
5	0.6714226111418955	0.584490041381707	0.6668689431914364	0.6216867454080697
6	0.6621852500581137	0.6098370541631276	0.6618699837879962	0.6349397587488933
7	0.6666153470435341	0.5814725407722418	0.6575285642980093	0.6397590355700757
8	0.655902064199108	0.6176825582297653	0.6523845638137266	0.643373493401401
9	0.6452913586461695	0.6234158110963917	0.6455034587756697	0.6566265054495938
10	0.6399382003906194	0.6427278221552819	0.6368149326508303	0.6590361451528158
11	0.6304318884732714	0.6620398304084013	0.6294174560581345	0.6638554199632392
12	0.621853213930389	0.6623415807031621	0.6218104408448001	0.6493975887815636
13	0.6070999216083741	0.6819553409057276	0.6140936709312071	0.6662650608154664
14	0.6088064943154173	0.6707905845319786	0.6105690397411944	0.6554216850234802
15	0.5905647124234064	0.6910078456837798	0.6019495767283153	0.6674698800925749
16	0.5929181443400316	0.6846710925154033	0.5999335607850408	0.6590361461581954
17	0.5804837589243772	0.693421845739695	0.5950442650231971	0.6686746970716729
18	0.5698796709978085	0.7112251065837811	0.5916566975145455	0.6710843356258898
19	0.5530655029745223	0.7226916112738628	0.587211949423135	0.6771084343094423
20	0.5602779581594266	0.7217863600658377	0.5849052032792424	0.6831325295459794
21	0.5514806457938526	0.7275196131842642	0.5825796316905194	0.6819277102688709
22	0.5488258002389966	0.7317441166994006	0.5799870944884886	0.6819277102688709
23	0.540250445894254	0.7347616175606658	0.5779849872531662	0.6855421681001962
24	0.5364313147552918	0.7347616165534661	0.5751328811588058	0.6759036150323339
25	0.5304517129601379	0.7414001205202032	0.573869874463024	0.6867469873773047
26	0.5295514864740274	0.7450211216832185	0.5697297573089599	0.6891566282295319
27	0.5288467600393094	0.7423053719800282	0.5672367103128548	0.6855421703982066
28	0.5181458468313453	0.749245623651584	0.5655259742794266	0.6867469873773047
29	0.5097491088299126	0.7564876279200713	0.5621621873005327	0.6903614475066403
30	0.5119375625538697	0.7477368739403798	0.5606472813939474	0.6915662667837488
31	0.5052861392354131	0.7546771273025923	0.5567102690777147	0.6927710860608572
32	0.502280963693819	0.763126131239323	0.5556304674550712	0.7036144572568227
33	0.5022259784629709	0.7616173806288333	0.5506190640380584	0.6951807246150741
34	0.491478297551425	0.7664453841939199	0.5473251605608377	0.6987951812973942
35	0.4791839036081092	0.7794206402858626	0.5443345160369414	0.701204819851611
36	0.48143699903695353	0.7730838867577718	0.5416631532002645	0.7060240958110395
37	0.47437763498285557	0.7788171403797981	0.5395816021654979	0.713253010324685
38	0.4759439409282744	0.7727821364630111	0.5355905113450016	0.7096385547913701
39	0.46825333690528204	0.7854556419004787	0.5318609537130379	0.7168674693050154
40	0.4674806817152015	0.7854556434472498	0.5287247137851026	0.7204819292907255
41	0.4583630174776122	0.7966203985260277	0.5261615996619305	0.7228915678449424
42	0.45503425760015925	0.789981895206776	0.5253298399678196	0.7228915678449424
43	0.4558105029718805	0.7863608930005895	0.5208151293088155	0.7265060256762677
44	0.4477507115561486	0.7990343993373427	0.5175576700503568	0.7361445798931352
45	0.44535009605235626	0.7929993972191267	0.5184724610253989	0.7325301209128047
46	0.43703935379426595	0.8056729030163086	0.5134287332195834	0.7349397606160267
47	0.42785049889486243	0.8086904052085163	0.5116181345589189	0.738554218447352
48	0.4292318324727615	0.802051901241779	0.5087581982095557	0.7397590377244605
49	0.4251148332726473	0.8065781530013053	0.5077307224273682	0.7349397606160267
50	0.4202384185416913	0.8165359075844971	0.5071794781340174	0.7409638547035585
51	0.4192064373552188	0.8080869036117949	0.5007989652185555	0.7457831341100026
52	0.41543468367139763	0.8117079060697815	0.5009953503867229	0.7518072304955448
53	0.4114664974130632	0.8234761617021095	0.5031790491328182	0.7469879499400954
54	0.40666787900979356	0.8213639107538981	0.49989416240209555	0.7433734944067806
55	0.4092882386373337	0.8198551598916085	0.495230389646737	0.7542168679007565
56	0.406365613082697	0.8177429084397974	0.4918217743017587	0.7530120497726532
57	0.38804123087971054	0.8234761627093092	0.4906578341162348	0.755421687177865
58	0.39316998570527956	0.8252866635066455	0.49086651220379107	0.7518072293465397
59	0.38639547697880505	0.8283041632168251	0.4881108343601227	0.7590361450091903
60	0.3777263599594602	0.8388654184974528	0.48763501471783743	0.755421687177865
61	0.37750273673161727	0.8382619195985881	0.4968908033457147	0.7590361437165594
62	0.3849810862044793	0.8273989141670853	0.48834424227117057	0.7578313255884561
63	0.37814719126968405	0.8427881713581142	0.4842903446002179	0.7626506016915103
64	0.37164603602691954	0.8430899206097038	0.48358204630484064	0.7662650616772203
65	0.36864920590897965	0.8433916721634643	0.477877944923309	0.7674698799489492
66	0.3625846230703157	0.8485214244765407	0.4775625619543604	0.7734939763344915
67	0.35892731945919	0.843693422710025	0.478838874489428	0.7722891559083778
68	0.3545814682614321	0.8506336746333807	0.47884125084762114	0.7722891547593725
69	0.3468715128189264	0.8590826801528539	0.47626850109502494	0.7722891547593725
70	0.3484222603153593	0.8539529269404921	0.4765290977006935	0.7662650583738304
71	0.34241145136993767	0.8548581782924028	0.47565544728773185	0.7698795162051557
72	0.34094227011403766	0.8539529269404921	0.47240865352642103	0.7759036125906978
73	0.338696114813339	0.8545564278897277	0.4729419859058886	0.7686746979334268
74	0.3317668256302087	0.8627036804165837	0.4697287534374789	0.7771084340221911
75	0.327026020890629	0.8617984302157584	0.46832885419029785	0.7783132532992995
76	0.3354045219571028	0.8584791789518182	0.4633195660918592	0.7746987933135895
77	0.315147044954346	0.8717561860939215	0.47324415143713894	0.7795180735817875
78	0.31666711238974465	0.8678334341325454	0.462788906298488	0.786746987233679
79	0.3224226651813298	0.8660229323280095	0.46145554673240846	0.7807228930025215
80	0.31179927928877943	0.8714544359430464	0.47153116601059236	0.7759036157504622
81	0.30951053191900396	0.8708509356412962	0.4610839003539947	0.7831325315567385
82	0.30535869304861873	0.8756789375516976	0.45672935197152287	0.7819277089762401
83	0.3035842439426164	0.8759806888536581	0.45640558205455184	0.7855421701109553
84	0.30075318671596574	0.8814121913176095	0.4556343290461115	0.7843373475304569
85	0.28737941407696915	0.8850331919770249	0.4577755574720452	0.7855421689619501
86	0.2827873694551372	0.8853349421279	0.45691166872001554	0.7867469893880638
87	0.2906243431150877	0.8871454427813505	0.4570985992988908	0.7831325304077332
88	0.2922706331160677	0.882015690971874	0.46577790760132204	0.7843373473868313
89	0.2883065250816299	0.8862401930841252	0.449741877633405	0.7843373475304569
90	0.28228304770313695	0.8838261925246101	0.45411478726260635	0.7915662641984871
91	0.2810457596127067	0.8844296916752747	0.45563734741096035	0.7903614449213786
92	0.27252548488782125	0.8904646955920619	0.44914028752281004	0.7915662664964974
93	0.2682331254414643	0.8928786967990624	0.45082266043467695	0.7855421689619501
94	0.26499428325341134	0.893180446302452	0.4568672965808087	0.7927710823265903
95	0.2694810923317073	0.899215450219239	0.4548961227198681	0.7843373485358365
96	0.25801976990037895	0.897706699069178	0.4494790340044412	0.7891566246388907
97	0.2645483281717433	0.898913699816564	0.4489364367651652	0.7903614449213786
98	0.25566448426850963	0.8949909469559024	0.4556539335882807	0.7903614449213786
99	0.25298578184666803	0.9016294514262395	0.4542994081255901	0.789156624495265

The optimal condition:
	epoch: 94
	train_acc: 0.893180446302452
	val_acc: 0.792771082327
	using time: 302.126884937
