The number of train datas: 6624
The number of test datas: 1658
epoch	train_loss	train_acc	val_loss	val_acc
0	0.7210384184035702	0.49758454091882937	0.6960335727623778	0.5000000017974863
1	0.696851827096248	0.5232487925584766	0.6877667229483297	0.5518697219821024
2	0.6884409030854414	0.5410628019323671	0.6811122155160755	0.5723763570566948
3	0.6809804655503535	0.5543478263749017	0.6739553263449123	0.6133896239704044
4	0.6727293205721943	0.5834842995169082	0.6647374540100052	0.6320868504061774
5	0.6622247045166827	0.6103562801932367	0.6520974421098523	0.6773220735666117
6	0.64851998447796	0.6317934785488147	0.6378014372398827	0.69601929928339
7	0.6330046665265364	0.6560990341043703	0.6139225563611858	0.7448733416627485
8	0.6099663227076692	0.6882548312058195	0.5862419081827125	0.7762364282826607
9	0.5890357402211802	0.7053140096618358	0.5551603743480688	0.8015681540433978
10	0.5574900231499603	0.7409420292734524	0.5192760033903708	0.8275030154658457
11	0.5214555781820546	0.7729468596154365	0.4775858116308081	0.8407720127496846
12	0.4880562063288573	0.7945350241545893	0.4426900369123038	0.8594692406234465
13	0.44656542418659595	0.8200483091787439	0.40245467025350745	0.8739445127537799
14	0.415281492586873	0.842391304347826	0.3729225941029331	0.8811821484594494
15	0.39031133732358037	0.8505434782608695	0.35096758399136246	0.8866103730817181
16	0.3659683294630281	0.8636775365198291	0.3291811519566434	0.8872135093905238
17	0.34473046314889105	0.8746980673449051	0.31415080617938024	0.8956574177138049
18	0.33222075159423015	0.8840579710144928	0.3022429326906423	0.9004825104131342
19	0.3168761604937954	0.8900966180695428	0.29034759345115024	0.9016887800828683
20	0.3108253828857256	0.8970410628019324	0.2859497206921457	0.9095295528882376
21	0.3035943362016033	0.8976449275362319	0.28014361060284015	0.9131483700220777
22	0.29224860776161804	0.8999094205778002	0.2688197892774863	0.9143546440776783
23	0.28274890146969595	0.9056461355536456	0.26169325752842126	0.9179734626495076
24	0.2735007737857708	0.9109299516908212	0.2602787101944623	0.920989142036553
25	0.26824641861201487	0.9109299514028761	0.25613729368144844	0.9221954146541647
26	0.2620398762865343	0.9169685990338164	0.24932859372459937	0.924004823580582
27	0.2574301976080678	0.9154589369101225	0.2479077354522896	0.9276236443812942
28	0.2563201034270623	0.917572463768116	0.2420981901869699	0.9270205058436054
29	0.25055484509698434	0.9196859903381642	0.23917104221152455	0.9306393266443177
30	0.2457694601321566	0.9211956524618582	0.23650864953011166	0.9306393259253232
31	0.24351699304753455	0.9240640096618358	0.23396094010376672	0.931242462234129
32	0.24206796461257382	0.9251207729468599	0.2311998147009653	0.9312424629531234
33	0.23964386328982845	0.9234601452154814	0.23010764662872896	0.9336550074693521
34	0.23503514642012868	0.9269323671497585	0.22849870594476762	0.9330518711605463
35	0.23150033795315286	0.9269323674377036	0.22556314052085968	0.9330518711605463
36	0.22406538867432138	0.9281400969063026	0.22420901419601624	0.929433050359834
37	0.22996468834830944	0.9263285024154589	0.22147076243514463	0.9336550074693521
38	0.21599183991047496	0.9311594205778002	0.2211899474281166	0.9324487348517405
39	0.22025813450271955	0.9313103861854848	0.2181631914453426	0.9330518711605463
40	0.21855539349830094	0.9294987925584766	0.21810929502379622	0.9324487348517405
41	0.21752509903072734	0.9316123185526346	0.21578946767152435	0.9318455985429347
42	0.21577007751821894	0.930102657004831	0.21362588332631188	0.9342581437781579
43	0.21769031651929957	0.9317632850241546	0.21378188203701207	0.9342581430591634
44	0.21190409290329845	0.9346316428000224	0.21111713783912117	0.9348612793679691
45	0.2129999801588519	0.9316123191285248	0.20994965726705167	0.935464415676775
46	0.20864246843229745	0.933876811882148	0.21504127704263165	0.9330518704415518
47	0.2023187335850536	0.934782608407707	0.20739808816134714	0.9360675519855808
48	0.20945915248658922	0.9361413040598809	0.2060053939285123	0.9342581430591634
49	0.20165064239847488	0.9344806763285024	0.20689260721458314	0.9366706882943866
50	0.1972657691165445	0.9373490338164251	0.20434919726755132	0.9342581437781579
51	0.1998554972058909	0.9376509658956297	0.20412398184524946	0.9360675519855808
52	0.19703052110142177	0.9384057968135041	0.2021736888118331	0.9342581430591634
53	0.19553179887757785	0.9378019320792046	0.20141627190160521	0.9336550067503576
54	0.19419488001272875	0.9381038647342995	0.20053045231449015	0.935464415676775
55	0.19235427087343834	0.9378019320792046	0.1994516606677427	0.9336550067503576
56	0.19376266326593317	0.9384057973893944	0.19988561744281552	0.9330518718795409
57	0.19070999374712147	0.9418780190357263	0.19797334295166127	0.935464415676775
58	0.19089003655933529	0.940217391592293	0.19853325084804482	0.9384800972208039
59	0.18648793983862597	0.9399154589371981	0.19753354652116326	0.9396863698384155
60	0.1875701728074447	0.9409722219342771	0.19616586907314018	0.9384800972208039
61	0.1839360551557679	0.9417270534280417	0.19686227103086376	0.9390832335296098
62	0.18585946781623766	0.9420289855072463	0.1947634439057119	0.9336550074693521
63	0.18454356801106733	0.9399154592251432	0.1944416887402103	0.9330518718795409
64	0.17969893225005285	0.9436896132386249	0.19369050146802919	0.9396863698384155
65	0.17570877571900687	0.9441425123652398	0.1940929555526257	0.9402895061472213
66	0.180762210689881	0.9424818837700258	0.19265676181947652	0.9390832335296098
67	0.18021703594260746	0.9400664248328278	0.1907985017728173	0.9354644163957695
68	0.17301302896317652	0.9438405799980901	0.19321751484896793	0.9390832335296098
69	0.17030176945066683	0.9445954109159644	0.18993480470305615	0.9396863698384155
70	0.17190530917782715	0.9456521739130435	0.19016090999789922	0.9348612800869637
71	0.17215055004122176	0.9445954106280193	0.18865693622101345	0.9396863698384155
72	0.16814728909068638	0.9461050724637681	0.18863329447724994	0.9384800972208039
73	0.17149836624014206	0.9439915461816649	0.1880535381173196	0.9348612800869637
74	0.1686572870914487	0.9445954103400742	0.18788747440920234	0.9390832335296098
75	0.16973037679414243	0.9458031403845635	0.18744451490616196	0.9354644163957695
76	0.1625051397272354	0.9486714978724862	0.1870590307726216	0.9372738253221868
77	0.16694513812733158	0.945954105992248	0.18608330159624464	0.9390832335296098
78	0.16068801676161623	0.9459541065681384	0.18734837691013143	0.932448735570735
79	0.16543379505187417	0.9479166663787215	0.1850185372986897	0.9384800972208039
80	0.16307121036565247	0.9482185993217616	0.18472235045868754	0.9390832335296098
81	0.1619109594879519	0.9479166669546119	0.18411637121863186	0.9372738253221868
82	0.15579772650619636	0.9492753623188406	0.1857965265291735	0.9348612808059582
83	0.15992890780674662	0.9480676325622964	0.18582341259185886	0.9396863698384155
84	0.15808353663066735	0.9483695652173914	0.1833573994198668	0.9396863698384155
85	0.15922172972257587	0.9488224634801709	0.18317831807350796	0.9372738253221868
86	0.15542628871645905	0.9492753626067857	0.18210489115935038	0.9384800979397985
87	0.15632988894043337	0.9504830920753847	0.18119591159074241	0.93968637055741
88	0.15547408523478945	0.9492753620308955	0.1816738246163787	0.9402895061472213
89	0.154043130180686	0.950030193236715	0.18050892789487527	0.9402895068662158
90	0.15579718772483908	0.9480676325622964	0.18008608607388807	0.93968637055741
91	0.1506399587156692	0.9494263285024155	0.18043644772112297	0.9390832342486042
92	0.15096656697383826	0.9512379229932592	0.18115586371344164	0.9372738253221868
93	0.14709256805371548	0.9503321258918099	0.18043631573170604	0.9384800979397985
94	0.1493634661110703	0.9510869565217391	0.1802096120087459	0.93968637055741
95	0.14686765662138013	0.9541062799052916	0.18072293850675278	0.9396863698384155
96	0.1483418817681391	0.9518417877275587	0.17883918720181802	0.9402895068662158
97	0.142539879910036	0.9519927533352432	0.17986139708139065	0.9408926431750216
98	0.14458640668415218	0.9510869565217391	0.1795762889042263	0.9378769616309927
99	0.14208018750960125	0.9528985504366926	0.18106753566045095	0.9396863698384155

The optimal condition:
	epoch: 97
	train_acc: 0.9519927533352432
	val_acc: 0.940892643175
	using time: 475.982867002
