The number of train datas: 2644
The number of test datas: 662
epoch	train_loss	train_acc	val_loss	val_acc
0	0.7131568280002173	0.4833585477452415	0.7009842312948221	0.48036253776435045
1	0.705762276130076	0.5068078676799422	0.6973603555082915	0.49395770302712017
2	0.6998135975016768	0.509455370244749	0.6947586675064802	0.509063443208389
3	0.6938136519354158	0.5257186090711746	0.6924710410599262	0.5211480353534041
4	0.6973181124353913	0.5124810897095662	0.69091522207433	0.5377643509933956
5	0.6881160549424961	0.5389561275310487	0.689430452545604	0.5377643506332467
6	0.6868817238151216	0.5438729197282834	0.6875280728873169	0.558912386887023
7	0.6826667846962471	0.5578668686517608	0.6857941264112191	0.5664652569776575
8	0.6836529233452051	0.5408472010299405	0.6839446913439702	0.5694864044736879
9	0.6805416729735174	0.5642965203334271	0.6819410738267927	0.5740181259878453
10	0.679964171415378	0.5631618758553636	0.6796258313418155	0.590634440187241
11	0.6733367797466342	0.5896369145785807	0.6768890415793819	0.6012084588543526
12	0.6806065939738782	0.5677004533167506	0.6743081030168562	0.6102719035033373
13	0.6732233628382661	0.572617247497801	0.6713417163428222	0.6178247730537484
14	0.6698238110217672	0.6062783662922985	0.6680918328711634	0.6223564951081291
15	0.6702091940953403	0.5832072610934456	0.6650020096597354	0.6344410872531442
16	0.6618500754981106	0.6111951584895332	0.6606469003095368	0.6419939573437786
17	0.6563289581196391	0.6089258707056608	0.6563220398663754	0.6586102715431743
18	0.6482011622632325	0.6354009086173169	0.6510682925356839	0.6555891235069206
19	0.6418438168769525	0.646747352135524	0.6455583621007799	0.664652567255533
20	0.635085255403562	0.6611195151636352	0.6398477664166707	0.6812688828955245
21	0.6394044581051133	0.642208774854484	0.6341445984437026	0.6918429010224126
22	0.6277380081600934	0.6524205755177497	0.6276935589277493	0.6948640481582942
23	0.6145731459587317	0.6736006045125076	0.6197350718463656	0.7160120853124429
24	0.6149323922603105	0.6766263238420646	0.6122989188148176	0.726586103439331
25	0.6093523290442266	0.6894856279267846	0.6043863373940805	0.717522657889974
26	0.6004273355818732	0.687216339060831	0.5952554492791974	0.7235649539624817
27	0.5916325143353842	0.6978063531073427	0.5862972750764599	0.7296072500349892
28	0.5839264354078203	0.7129349475007916	0.5775078529677722	0.7296072514755848
29	0.5733854614660346	0.7182299537124864	0.5703023101267858	0.7401812681618775
30	0.5651473674399048	0.7371406960956267	0.5597277053173215	0.7522658606670414
31	0.5556809498214145	0.7428139179449038	0.5508756799640252	0.749244713171011
32	0.5442975840662323	0.7413010594523801	0.5421505464167753	0.7598187307576758
33	0.5429904056028231	0.7443267778802026	0.5326795752675152	0.7613293058562495
34	0.5201448031254507	0.760590015940154	0.523318925112756	0.7673716019287571
35	0.5155081371135682	0.7617246596066566	0.5136382039580101	0.7794561940737721
36	0.5020032474565433	0.7760968228151145	0.5064711312332902	0.7749244720193915
37	0.4975928255721769	0.7772314679243921	0.4949527699781689	0.7870090636241832
38	0.48586506318757466	0.7874432673252296	0.487475165247557	0.7885196376423101
39	0.48228704487501944	0.7878214830529852	0.4828306296980993	0.7990936563094216
40	0.46740588807302236	0.7965204240514724	0.4707353721932702	0.7990936557691983
41	0.4641308073918145	0.8014372166995742	0.46290419207959016	0.8051359523819293
42	0.4525226181916859	0.8048411504944586	0.45541875149908384	0.8141993964906906
43	0.4509139431136098	0.8097579418801324	0.44772118465057675	0.808157100418183
44	0.4404062252271915	0.8154311639999298	0.43903102192273674	0.8157099705088174
45	0.4329708742031351	0.8233736770596699	0.43088519717271234	0.8247734146175788
46	0.4171036090955431	0.8271558248690145	0.4266055006635153	0.8202416925631981
47	0.41300431800141096	0.8256429655649298	0.41581155724395796	0.8293051366719595
48	0.4077374289057439	0.8403933428780214	0.410801360524313	0.8277945626538326
49	0.40428379295272654	0.8377458389155262	0.4056483717843485	0.8338368587263402
50	0.4014576944478882	0.8339636907454879	0.39862167997302606	0.8413897288169746
51	0.38979236179689414	0.843797277123773	0.3918856855965813	0.8444108768532284
52	0.37615312529944794	0.8502269281742252	0.38620068632583965	0.8474320248894821
53	0.3789648797797002	0.8456883512538789	0.3804734828248845	0.8534743209619897
54	0.37402748493491794	0.8460665660799	0.3760069185513384	0.8534743209619897
55	0.36090795382429	0.8540090770656511	0.369733019897945	0.8580060430163703
56	0.35571784114693367	0.866868380519157	0.36546588853406764	0.8580060430163703
57	0.3574934182928117	0.8615733740369419	0.360218418058672	0.8610271910526242
58	0.3464290774716191	0.8661119513179819	0.35574070861692514	0.8670694871251317
59	0.3521161315210288	0.8645990929156316	0.3522099970510719	0.8700906351613854
60	0.3466983546648011	0.8714069589724519	0.349614960099275	0.8655589122066325
61	0.3347736468113136	0.8729198178256694	0.34274773124121466	0.8685800611432586
62	0.3248983708614661	0.8831316183987616	0.3400971811163461	0.8700906337207898
63	0.31266738494658075	0.8891830556151005	0.33405249761670736	0.876132931233893
64	0.31583101887385534	0.8884266265040988	0.33122797711017987	0.8791540778295511
65	0.3125172080683456	0.8838880481409774	0.327217571594924	0.8791540792701468
66	0.30238979288381096	0.8933434192423741	0.3222573907353727	0.8836857998839318
67	0.2966956164400444	0.8891830557052739	0.3220320091867015	0.8836858013245275
68	0.3039535059059622	0.8922087753053513	0.32222197891362125	0.8806646529281248
69	0.29537519440618476	0.8929652043261795	0.3170024670683005	0.8851963749825054
70	0.2927221868204097	0.8937216336175281	0.31772964652571434	0.8806646529281248
71	0.2890238980572451	0.8963691383915842	0.3099043533160967	0.8957703920289469
72	0.2812717219253892	0.8952344933724801	0.3056075841278468	0.8882175219383125
73	0.2728534812014691	0.904689864113183	0.30204773804572416	0.8897280959564393
74	0.2692051330601033	0.9050680779472963	0.30042857192794364	0.8957703920289469
75	0.26975360323369235	0.9058245089519402	0.300073625007785	0.8882175230187592
76	0.25635821517675256	0.9164145230886255	0.295761494027884	0.8882175230187592
77	0.2617829333365234	0.9088502276502831	0.29389847612453013	0.8957703920289469
78	0.2564963156219329	0.9126323752792809	0.29117945682966456	0.8987915400652007
79	0.25345482957886134	0.9141452347637125	0.2897755170516737	0.8987915400652007
80	0.24400538057314286	0.916036308803645	0.2915066188915979	0.8882175230187592
81	0.24474693311775686	0.9190620273216409	0.29123398049360316	0.8927492450731398
82	0.2464756475544553	0.9164145240805333	0.28186322978255973	0.9003021146235509
83	0.23577429491705323	0.9201966717997044	0.28139121123671174	0.8942598190912667
84	0.22200967037822042	0.9277609678692609	0.27963286080029076	0.8957703931093937
85	0.22706168227224596	0.9270045391189529	0.27732714461415914	0.9078549852544088
86	0.22529735489439856	0.9209531006401859	0.27601882077055756	0.9048338372181549
87	0.23377841413471956	0.9152798796024698	0.27476721767932627	0.9033232632000281
88	0.22085777089653505	0.9292738276242127	0.2736852051988469	0.9033232632000281
89	0.21466640109103313	0.9277609683201281	0.2806745264735467	0.895770393649617
90	0.21876642396518575	0.9292738281652534	0.28015363473006244	0.8972809676677439
91	0.215032231474067	0.928517398513211	0.2692258150015713	0.9048338361377082
92	0.20930357024907706	0.9311649017543187	0.27104446039819285	0.9033232632000281
93	0.2072469861262144	0.9330559748925167	0.2668056513247533	0.9033232626598047
94	0.20655985940783178	0.9379727690735671	0.26600720298974534	0.9063444106960584
95	0.20694832992986542	0.933055975974598	0.27117632032341105	0.9048338377583783
96	0.19612853071242345	0.9338124050855997	0.2643464746972225	0.9048338366779316
97	0.20069101094388023	0.9326777610584034	0.2663329050980306	0.9048338377583783
98	0.19082678331459524	0.9383509825469867	0.2659615056302252	0.9033232637402514
99	0.19093103941287648	0.9345688347376421	0.261099970592833	0.9048338366779316

The optimal condition:
	epoch: 85
	train_acc: 0.9270045391189529
	val_acc: 0.907854985254
	using time: 258.80528307
