The number of train datas: 6984
The number of test datas: 1746
epoch	train_loss	train_acc	val_loss	val_acc
0	0.693810075145953	0.5284936999537281	0.6717148548822086	0.6477663239116385
1	0.6648323152210022	0.6003722795642665	0.645245699743225	0.722222223246357
2	0.6304229897322114	0.6748281787624337	0.6008445190400192	0.7583046968586803
3	0.5783618081612821	0.7329610541104451	0.5422011706017956	0.7955326465260395
4	0.5163527654754884	0.7740549828178694	0.48442888259887695	0.8104238247270573
5	0.4527838768486578	0.8162943870341245	0.43349707133445	0.8253150062735821
6	0.3972215495090441	0.8407789230483231	0.3902382254429836	0.8361970211495512
7	0.3521449205050627	0.8608247420632142	0.3597483761429377	0.8447880876023335
8	0.3146152332476324	0.876431844283625	0.3374226641545727	0.8579610543835477
9	0.29169949622908	0.8874570445369883	0.31990811272277864	0.8636884312449452
10	0.26139077728556603	0.9049255441690774	0.2842118329062358	0.8854524633182557
11	0.23279558014623897	0.9150916378249554	0.27928962223103776	0.8854524633182557
12	0.20982686606879086	0.9266895764472148	0.26041202615831316	0.8946162662964916
13	0.1937620459041235	0.932703321605477	0.23512950880967193	0.9123711345668237
14	0.1779688363393421	0.9418671246519886	0.23817289619784449	0.9100801838222647
15	0.16572894388116374	0.9441580756013745	0.23647366937373648	0.9106529209621993
16	0.15543771315822624	0.9481672391312502	0.22361598804354121	0.9198167239404352
17	0.1425994538871693	0.9571878577562268	0.21389460008493266	0.9249713631156931
18	0.13655983846963202	0.9570446732664163	0.22471144667614298	0.9215349369988545
19	0.1291698793297098	0.9606242838047897	0.20861030751913956	0.929553264604811
20	0.12571709107219287	0.9620561280201391	0.2024425821888761	0.9312714776632303
21	0.11845089845094757	0.9647766320293029	0.20762926319620453	0.9306987399770905
22	0.12213426794246574	0.9639175260462984	0.20461519343089335	0.9312714776632303
23	0.11108247950280518	0.9683562427725033	0.21252081542567083	0.9312714776632303
24	0.10957232649349538	0.9684994270574869	0.20199764950919943	0.93184421534937
25	0.10585539334828091	0.9663516608710142	0.19677238008018075	0.934135166093929
26	0.10408223371735144	0.9699312714093876	0.19617403946168302	0.9381443298969072
27	0.10157701871512545	0.9693585335866965	0.19142603626067217	0.9369988545246277
28	0.10296735139339651	0.9699312713411119	0.196043037906511	0.9392898052691867
29	0.09709245310445558	0.971935853242601	0.19059671428937888	0.9398625429553265
30	0.0969204500419987	0.9716494843995311	0.19562876944825958	0.9392898052691867
31	0.09580365577787331	0.9722222224953249	0.19623339509021787	0.9398625429553265
32	0.08771736992849517	0.97580183269232	0.19359256061090568	0.9404352806414662
33	0.09165933642020067	0.9717926688893418	0.20013727586852964	0.938717067583047
34	0.08860435087195377	0.9762313859569248	0.19475044850324028	0.9404352806414662
35	0.08887134591397004	0.973510881947761	0.18991156800821815	0.9415807560137457
36	0.09035477968613444	0.9725085909287408	0.1857468627418849	0.9415807560137457
37	0.08941302881208073	0.9758018325557687	0.19711406760340192	0.9410080183276059
38	0.08576920451030971	0.9746563571152136	0.20032481182652515	0.9398625429553265
39	0.08616696810189801	0.976517754731719	0.20196836039355667	0.9410080183276059
40	0.08351523503405121	0.9756586482025094	0.1912301234455026	0.9427262313860252
41	0.07923574331520554	0.9780927835051546	0.18916842463252403	0.9415807560137457
42	0.08393491816548002	0.9766609394946322	0.19191461512957617	0.9415807560137457
43	0.08105948547761192	0.9769473080645995	0.1835978519670742	0.9432989690721649
44	0.07819975419279362	0.9778064146620847	0.1812418128160028	0.9438717067583047
45	0.07886689055587282	0.9776632301722742	0.19185177575933393	0.9415807560137457
46	0.07925978788566207	0.9773768613292043	0.19623594138161082	0.9421534936998854
47	0.0758672423003602	0.9780927833686033	0.19374634564042365	0.9421534936998854
48	0.07642686046139345	0.979095074319348	0.19027740322053432	0.9432989690721649
49	0.07345590478861182	0.979095074319348	0.1794012718474469	0.9444444444444444
50	0.0767325852898388	0.9788087054762781	0.18276038705099285	0.9421534936998854
51	0.07467417457361811	0.9772336769076694	0.19779410960743757	0.9404352806414662
52	0.07394517075701404	0.9796678120737633	0.19012770058751483	0.9421534936998854
53	0.07474105047298871	0.9765177547999947	0.18151073493191466	0.9427262313860252
54	0.07344925832878137	0.9793814432306934	0.18663406312009073	0.9427262313860252
55	0.07192229452241054	0.9788087054762781	0.18551920068462008	0.9421534936998854
56	0.06821285548352157	0.978951889897813	0.1876595457311707	0.9421534936998854
57	0.06819115877620885	0.9800973654066437	0.1861855690959598	0.9427262313860252
58	0.07246346146994849	0.9799541807802818	0.1736165337042642	0.9438717067583047
59	0.0710128869217013	0.9790950742510722	0.18082768622388953	0.9432989690721649
60	0.06756605802771698	0.980240549759903	0.18073245228181795	0.9444444444444444
61	0.06724522641741533	0.9788087054762781	0.18551661215620147	0.9427262313860252
62	0.0661598432463469	0.9818155783285117	0.1896061297113509	0.9427262313860252
63	0.06631031942224175	0.9809564717310264	0.17699746932633828	0.9438717067583047
64	0.06526282315760135	0.9806701030927835	0.18475321014619775	0.9438717067583047
65	0.06671579767611702	0.9805269184664216	0.18944767291283177	0.9415807560137457
66	0.064389054372241	0.9805269186029729	0.18289074388771123	0.9438717067583047
67	0.06460793756742247	0.9810996560842857	0.18905984657578692	0.9421534936998854
68	0.06303920930001847	0.9828178694158075	0.1975338240970195	0.9398625429553265
69	0.06337940797875427	0.9812428407789232	0.18783922827048366	0.9432989690721649
70	0.060897684247496475	0.9813860251321825	0.18438911458470977	0.9438717067583047
71	0.06066120056625358	0.981242840642372	0.18784340039719183	0.9427262313860252
72	0.06044339155404906	0.981815578465063	0.1831519522417213	0.9450171821305842
73	0.05902210289328642	0.9818155783285117	0.20007792604769253	0.9398625429553265
74	0.061064804798548984	0.9813860251321825	0.19776622117534365	0.9404352806414662
75	0.062040922973403134	0.9819587628183223	0.18307453202124246	0.9438717067583047
76	0.05709919028991208	0.9826746849942726	0.1870648017236355	0.9438717067583047
77	0.05918720976491155	0.9832474226121367	0.19721254501235752	0.9410080183276059
78	0.05946670410960469	0.9833906071019473	0.18703435654970652	0.9432989690721649
79	0.05853430011052583	0.9828178693475319	0.17974297284124097	0.9438717067583047
80	0.05804004403682509	0.9839633447198114	0.18828201355926805	0.9427262313860252
81	0.05941279695709615	0.9832474226804123	0.17842684950538723	0.9444444444444444
82	0.054240992124206286	0.983963344788087	0.19179087059565939	0.9427262313860252
83	0.056240058435769354	0.9832474226804123	0.1948227039554326	0.9421534936998854
84	0.05521895382702692	0.983533791386931	0.1816649221754361	0.9450171821305842
85	0.05112509259619118	0.9845360824059511	0.1826465120955124	0.9455899198167239
86	0.054643097990763216	0.9836769759450171	0.18167322509007833	0.9450171826767895
87	0.056722585299614506	0.9831042381906018	0.18406117395556532	0.9438717067583047
88	0.053763298217510164	0.9836769757401902	0.17615267818522684	0.9473081334213485
89	0.05358188954381462	0.9843928979161406	0.18028051287089428	0.9450171826767895
90	0.05349654198239076	0.9833906070336716	0.19122108382803366	0.9421534936998854
91	0.054876466365989814	0.9838201602982765	0.18983307847366984	0.9427262313860252
92	0.0520436295328442	0.9842497136311569	0.19040586529694337	0.9421534936998854
93	0.05061715065511232	0.9845360823376755	0.18720149882735188	0.9432989690721649
94	0.052048057471353985	0.9839633446515358	0.19358948150272018	0.9427262313860252
95	0.05093770194265304	0.9838201602982765	0.18675724392541324	0.9438717067583047
96	0.047414573265787935	0.9861111110428354	0.19505713543697834	0.9427262313860252
97	0.05049826745861311	0.9836769756719146	0.1883615612970902	0.9427262313860252
98	0.05208728202583454	0.9856815577782306	0.18162803315394319	0.9450171826767895
99	0.04951281738675542	0.9849656357388317	0.1913025760777798	0.9427262313860252

The optimal condition:
	epoch: 88
	train_acc: 0.9836769757401902
	val_acc: 0.947308133421
	using time: 521.588413954
