The number of train datas: 3044
The number of test datas: 762
epoch	train_loss	train_acc	val_loss	val_acc
0	0.7100139363679874	0.5193823912767167	0.6790178479172113	0.5879265096556796
1	0.6912595371222527	0.5433639949787306	0.6700908425911831	0.6338582699067323
2	0.6784352467501837	0.5729303542480519	0.6608903761610897	0.6561679763430999
3	0.6633311687881781	0.6044678059889985	0.6486388468366908	0.6968503927621316
4	0.6550232998331649	0.6179369251768786	0.6330212035517054	0.7309711261058417
5	0.634794077876363	0.6590013145303915	0.6123487988481997	0.7624671908188367
6	0.6180044210536721	0.6773981595321334	0.5860640464492357	0.800524937042727
7	0.5895110639730045	0.7086070964746813	0.5529793145775482	0.8149606277310629
8	0.5653911073950367	0.737844940240687	0.5175798299118602	0.8359580063444423
9	0.5256956842741421	0.7667542701481833	0.48014282053849827	0.8451443596149054
10	0.49469026347497447	0.785808147879687	0.44143810782219794	0.8569553801080999
11	0.4638083235662964	0.8117608406853896	0.4086707824953585	0.8635170598981261
12	0.43003351044560856	0.8262155053650033	0.3802212920245223	0.867454067772142
13	0.3953714418113623	0.8475689876251873	0.3550848216209512	0.8779527554361839
14	0.370212890942056	0.8495400793135715	0.3339267355094119	0.8897637774938048
15	0.3546780378370498	0.8643232580083429	0.31661545322948864	0.888451443100226
16	0.33346650286353685	0.8653088034217523	0.3012141296713371	0.8976377916774099
17	0.31508717865104274	0.8764783175326835	0.28663557611425405	0.902887141923579
18	0.2982893372725563	0.8869908011069279	0.2707381049009759	0.9068241513620211
19	0.2786498804443299	0.8975032843678759	0.256382041403002	0.9133858311520474
20	0.26557153361542307	0.9027595261549981	0.24299969197571122	0.9212598453356525
21	0.24633396329766974	0.9159001313277205	0.22967842729698643	0.9238845156872366
22	0.22738168548190485	0.9211563737414357	0.21937364394583414	0.9238845156872366
23	0.21259825360446033	0.9277266759753384	0.20599785689606753	0.9251968516452419
24	0.20873811349527283	0.9264126158418543	0.1965678489896569	0.9251968516452419
25	0.18883259341845218	0.9356110380294288	0.18712054329907174	0.9304461954772629
26	0.1824032657445652	0.942181341281545	0.17898833270617356	0.9343831986579996
27	0.1662388411833955	0.9487516428105308	0.17113867750161588	0.9409448832977475
28	0.15810154069033935	0.9510512482791004	0.16041335936762843	0.93700787057401
29	0.15831831113267666	0.9474375814238609	0.15790667582371729	0.9461942240009158
30	0.14379678055663617	0.960906701316658	0.14797463453817242	0.9422572192557528
31	0.13897026246034205	0.9572930354796321	0.14097372252797205	0.9461942271297685
32	0.1350427105259175	0.9589356103331907	0.13614145253743398	0.9501312318749315
33	0.12627303472055557	0.9635348232284325	0.13155439853902876	0.9514435678329367
34	0.11823490604209994	0.9645203682502215	0.1289986024104704	0.9540682381845209
35	0.11147229917807586	0.9720762157408855	0.1225492396731702	0.9514435678329367
36	0.11401014154319224	0.9671484891437826	0.12019502011731541	0.9553805741425262
37	0.11002249850275952	0.9618922466517434	0.11940915063219121	0.9580052524726848
38	0.10701518828898629	0.9704336399474376	0.11321992955104572	0.9580052540371111
39	0.0949902309205153	0.9727332450243866	0.11098475760127616	0.9606299243886952
40	0.09842820502768679	0.9691195795006571	0.10538015528300929	0.9593175820165419
41	0.091459932733381	0.9763469122712465	0.10611479344173992	0.9606299243886952
42	0.08606012591433744	0.9763469125845429	0.10216388722339015	0.9632545963047058
43	0.08628201098933953	0.9743758222276685	0.10002348298241147	0.9619422603467005
44	0.08717412981308713	0.9756898810296428	0.10035580574605721	0.9632545963047058
45	0.08555545266252623	0.9760183968462549	0.0968322355564185	0.9632545963047058
46	0.08469946879731997	0.9786465180531124	0.09462304014389909	0.9619422619111269
47	0.08114256314277335	0.9796320637014942	0.09615111581766074	0.9658792682207162
48	0.07825231644644373	0.977660972718027	0.09390493744392721	0.9658792682207162
49	0.07489885642400082	0.9789750331648076	0.09175040913144435	0.9658792682207162
50	0.07240719176858233	0.9816031540583687	0.0899663856570802	0.9658792682207162
51	0.06706180775956631	0.9829172151317421	0.0923803896494112	0.9658792682207162
52	0.06678634387552347	0.9832457299301408	0.08757165502610169	0.9671916041787215
53	0.07100118489130725	0.9802890936115881	0.08623887217185629	0.969816276094732
54	0.07149342697177391	0.9802890939248846	0.09233934830219101	0.9671916041787215
55	0.06667964694025326	0.9806176090365797	0.08503630914752251	0.9671916041787215
56	0.06511384206634313	0.9822601845950554	0.08437166885128171	0.9671916041787215
57	0.06290612502437228	0.9839027595269383	0.08541561610351397	0.9658792682207162
58	0.06191724935318888	0.9852168206003117	0.0852391436070282	0.9658792682207162
59	0.0632474068674637	0.9852168202870152	0.08157971283308477	0.969816276094732
60	0.06368512723903305	0.9835742437103261	0.08392723390632101	0.9658792682207162
61	0.060412023133266615	0.9845597903769213	0.08425672366980493	0.9671916041787215
62	0.06014728051232132	0.9845597900636249	0.07974055207033795	0.9698162776591583
63	0.05860880684504058	0.987187910957186	0.08223227247243792	0.9658792682207162
64	0.06061721270054618	0.9858738505104054	0.07760374805354696	0.9711286136171636
65	0.05709650882234633	0.9845597897503285	0.07992690561089928	0.9671916041787215
66	0.05701373583109714	0.9865308810470922	0.07796861112039546	0.9711286120527373
67	0.06058475106425887	0.9839027598402347	0.07599465012198359	0.9750656214911794
68	0.05154299976869576	0.9871879115837789	0.08117411155595868	0.9671916041787215
69	0.05289288210767014	0.9878449411805763	0.07646500074800856	0.9698162776591583
70	0.05139911562845639	0.9868593955321945	0.07641938742338203	0.9698162776591583
71	0.054095454709836906	0.9875164260688812	0.07594191938091138	0.9698162776591583
72	0.048316733096573264	0.9865308810470922	0.07680905344370469	0.9711286120527373
73	0.05424883696599404	0.9862023656221006	0.07632388678083582	0.9698162776591583
74	0.05117856708212062	0.9885019714039666	0.07960852660884069	0.9671916041787215
75	0.049726423018082055	0.9855453353987104	0.07633039933138007	0.9698162776591583
76	0.04705460471408283	0.98981603247734	0.07626987782519633	0.9698162776591583
77	0.04993277309406133	0.9845597897503285	0.07936412810770858	0.9671916041787215
78	0.04726615871465551	0.9901445466491459	0.07684734485202574	0.9711286120527373
79	0.05213008295260027	0.9868593955321945	0.07844479207017917	0.9671916041787215
80	0.045312995989360255	0.9878449418071692	0.07721672092718403	0.969816276094732
81	0.046275232589354495	0.9888304865156617	0.07547383606824976	0.9724409495751689
82	0.04574456582587511	0.987187910957186	0.07953388661419938	0.9685039401367268
83	0.04521942189582544	0.9878449414938727	0.07637461752990099	0.9724409495751689
84	0.04406850403676522	0.9891590016273569	0.07769200903928186	0.9671916041787215
85	0.04484388346780145	0.9885019717172631	0.07673161135610007	0.9724409480107425
86	0.042576904258104564	0.9871879112704824	0.07711240536780183	0.9685039401367268
87	0.04010336972900352	0.9891590013140604	0.0763607680738911	0.9711286136171636
88	0.03988307540191144	0.9891590019406533	0.07741517363375253	0.969816276094732
89	0.041505203813647314	0.9894875164257556	0.07966879000422836	0.969816276094732
90	0.0407221206756365	0.990473061760841	0.07595305166297697	0.9724409495751689
91	0.04203310211858517	0.9885019714039666	0.07758310716843668	0.9685039417011532
92	0.039865207024966216	0.9865308804204993	0.0774092931701286	0.9685039417011532
93	0.03915441224691746	0.9894875164257556	0.0758373857698259	0.9724409495751689
94	0.039291902360813535	0.9888304865156617	0.07494672998942416	0.9724409495751689
95	0.04335012094762651	0.988173455978975	0.07544190739709249	0.9724409495751689
96	0.03643375487187963	0.9917871222076216	0.07531877070313364	0.9724409495751689
97	0.04091435369304852	0.9904730620741374	0.07574215341662484	0.9724409495751689
98	0.03670582508621799	0.9908015768725361	0.07501205099927472	0.9724409495751689
99	0.03329186891933778	0.9921156379459095	0.07429344987306069	0.9724409495751689

The optimal condition:
	epoch: 67
	train_acc: 0.9839027598402347
	val_acc: 0.975065621491
	using time: 265.277055979
