The number of train datas: 8640
The number of test datas: 2160
epoch	train_loss	train_acc	val_loss	val_acc
0	0.7106406785823681	0.4866898148148148	0.6907321055730183	0.5300925925925926
1	0.6921868646586383	0.5265046296296296	0.6770312388737997	0.6333333342163651
2	0.6782201978895399	0.5726851851851852	0.6613969370170876	0.7000000004415159
3	0.6602308224748682	0.6106481481481482	0.634996176649023	0.7370370374785529
4	0.631166300950227	0.6684027777777778	0.5942411983454668	0.7736111097865634
5	0.5924799574746026	0.7028935185185186	0.5405320586981597	0.7958333342163652
6	0.5459178487459818	0.7394675925925925	0.48131569513568173	0.8097222226637381
7	0.5002429357281437	0.7663194444444444	0.42930993835131326	0.8296296305126614
8	0.45968341253421924	0.7978009259259259	0.3883572649072718	0.8351851851851851
9	0.40749408183274444	0.8245370370370371	0.3411967326093603	0.8592592597007751
10	0.3718297386610949	0.8445601851851852	0.3077024849476638	0.8717592592592592
11	0.3250218274416747	0.8732638888888888	0.2603998706296638	0.8999999986754523
12	0.2890776977494911	0.8873842592592592	0.22705394636701653	0.9152777764532302
13	0.25476597039787857	0.9097222222222222	0.19795324603716533	0.9296296296296296
14	0.21957411545294303	0.9258101851851852	0.17271315378171426	0.9425925925925925
15	0.20331223871972826	0.929050925925926	0.1574329377324493	0.9481481481481482
16	0.18499853213628134	0.9398148148148148	0.14598576371316557	0.9532407416237725
17	0.16404099067052205	0.9466435185185185	0.13676584810018538	0.9546296305126614
18	0.15615120419749506	0.9473379629629629	0.13109059118562275	0.9569444435614126
19	0.1476875220183973	0.9518518518518518	0.12294705162445704	0.9615740731910423
20	0.135886150598526	0.9586805555555555	0.11389140144542412	0.9629629638459948
21	0.12811519768502977	0.9590277777777778	0.11038190220241194	0.964814813931783
22	0.12125263699778804	0.9618055555555556	0.10570693573466054	0.9671296287465978
23	0.11698206436854822	0.9634259259259259	0.1078856126025871	0.96435185096882
24	0.11465474527191233	0.9658564814814815	0.09985284854968389	0.9685185194015503
25	0.10984769148959053	0.9658564814814815	0.09758140196402867	0.9694444453274762
26	0.10168945436124448	0.9712962962962963	0.09700898621921186	0.9703703694873386
27	0.09771397290406404	0.9730324074074074	0.09327185545806531	0.9726851843021534
28	0.09495260290525577	0.9744212962962963	0.09388824613006026	0.9740740731910423
29	0.09224813591550898	0.9717592592592592	0.0913849362620601	0.9754629634044788
30	0.08976284392454006	0.9756944444444444	0.08933085241803417	0.9759259263674418
31	0.08746539282578009	0.975462962962963	0.08602382893915529	0.9740740731910423
32	0.08613650384876463	0.9762731481481481	0.0855261226495107	0.9763888893304048
33	0.08172649458326675	0.9783564814814815	0.0829643757806884	0.9759259263674418
34	0.07958419797597108	0.9791666666666666	0.08135489048781218	0.9759259263674418
35	0.07839822631191325	0.9795138888888889	0.081207909628197	0.9791666671081826
36	0.07863262682049363	0.9787037037037037	0.07878409833819777	0.9759259263674418
37	0.07213240801184266	0.9797453703703703	0.09105349367967358	0.9754629634044788
38	0.07484164033774976	0.9791666666666666	0.07974154231724916	0.9819444448859603
39	0.07007593327650317	0.9815972222222222	0.08120765666718836	0.9805555559970714
40	0.0665057457431599	0.9811342592592592	0.07929396891483555	0.9819444448859603
41	0.06475312673935184	0.9840277777777777	0.07395077734081834	0.9777777782192937
42	0.0685471616409443	0.9819444444444444	0.07541368151152575	0.9828703708118862
43	0.0672863043292805	0.9841435185185186	0.07332481642564138	0.9824074078489233
44	0.06286719059226689	0.983912037037037	0.07231297255666168	0.9824074078489233
45	0.06363403706087006	0.984375	0.0706559470406285	0.9796296300711456
46	0.06291171982884407	0.9835648148148148	0.07215084902666233	0.9833333337748492
47	0.059297103476193214	0.9840277777777777	0.07032956795559989	0.9824074078489233
48	0.05975908176214607	0.9850694444444444	0.06891487450511367	0.9814814819229973
49	0.05991493137898268	0.9857638888888889	0.07083223486940066	0.9842592597007751
50	0.05607589349426605	0.986574074074074	0.06943892557863836	0.9842592597007751
51	0.058138733164027886	0.9847222222222223	0.06700235583164074	0.9819444448859603
52	0.055804044504960376	0.9857638888888889	0.06680751161442863	0.9824074078489233
53	0.05219967591541785	0.9871527777777778	0.06775508407089445	0.9851851856267011
54	0.05434451907597206	0.9864583333333333	0.06926910212194479	0.9851851856267011
55	0.04781806375141497	0.987037037037037	0.06692854544078862	0.9847222226637381
56	0.05061797168519762	0.9881944444444445	0.06719755419978389	0.9851851856267011
57	0.049233224739631015	0.9883101851851852	0.06655769753787252	0.985648148589664
58	0.05202312814416709	0.9864583333333333	0.0661123773014104	0.985648148589664
59	0.04843075158143485	0.9886574074074074	0.06558938012630851	0.9851851856267011
60	0.04740257984786122	0.9881944444444445	0.06445166573480324	0.9847222226637381
61	0.04812487791533823	0.9885416666666667	0.06776630034049352	0.9847222226637381
62	0.044625372329243906	0.9886574074074074	0.0631522917913066	0.9833333337748492
63	0.04547583923019745	0.9886574074074074	0.06554913617394588	0.9851851856267011
64	0.044346069378985296	0.9887731481481481	0.06500627172214013	0.985648148589664
65	0.0419620985372199	0.9898148148148148	0.06305174841373055	0.9842592597007751
66	0.04381310925991447	0.9891203703703704	0.06351655705107583	0.9851851856267011
67	0.040085929301049976	0.9898148148148148	0.06536006215545866	0.9851851856267011
68	0.04027259334645889	0.9899305555555555	0.06276631656068343	0.9851851856267011
69	0.042033201456069945	0.990625	0.061930927496265484	0.9847222226637381
70	0.04120281040668487	0.990625	0.06315307465416414	0.9851851856267011
71	0.04166712291814663	0.9902777777777778	0.0609135627746582	0.9851851856267011
72	0.0387487033451045	0.9921296296296296	0.06268203824206635	0.9851851856267011
73	0.03802222114194322	0.9905092592592593	0.06182531579225151	0.9851851856267011
74	0.0377281390061533	0.9905092592592593	0.06449705149840426	0.9842592597007751
75	0.03858224132132751	0.991087962962963	0.06367196338596168	0.9842592597007751
76	0.03741266568777738	0.9912037037037037	0.059935805284314685	0.9847222226637381
77	0.03953541221304072	0.9905092592592593	0.062339902779570334	0.9851851856267011
78	0.037472189590334895	0.9912037037037037	0.06151773761268015	0.985648148589664
79	0.037783228295544785	0.9914351851851851	0.06280998838720499	0.9847222226637381
80	0.035001028239451074	0.9921296296296296	0.06041812159948879	0.9851851856267011
81	0.03326229134367572	0.991087962962963	0.06264596994000453	0.9847222226637381
82	0.03575517473121484	0.9903935185185185	0.06448404490947723	0.9847222226637381
83	0.03307658048277652	0.9908564814814815	0.06291420571506023	0.9847222226637381
84	0.03316420132501258	0.9921296296296296	0.05867411737088804	0.9837962967378122
85	0.033765256991264994	0.9927083333333333	0.05981188982173249	0.9851851856267011
86	0.033187360661449256	0.9920138888888889	0.0587889540526602	0.9842592597007751
87	0.03371714552933419	0.9909722222222223	0.06020130984209202	0.9851851856267011
88	0.0323364014012946	0.9917824074074074	0.0607399700416459	0.9847222226637381
89	0.033404858155107055	0.9916666666666667	0.05903446674346924	0.986111111552627
90	0.033233696725909354	0.9922453703703704	0.058990826071412476	0.986111111552627
91	0.03223248353158986	0.9918981481481481	0.059530379733553636	0.985648148589664
92	0.03143027669025792	0.9920138888888889	0.06166540798213747	0.9847222226637381
93	0.031142700539418946	0.9923611111111111	0.061269813996774176	0.9847222226637381
94	0.03146270823975404	0.9934027777777777	0.05770326527180495	0.9851851856267011
95	0.03036898822972068	0.9927083333333333	0.05907673725375423	0.986111111552627
96	0.029841515242501542	0.9929398148148149	0.06125594933551771	0.9847222226637381
97	0.03180776147378816	0.9920138888888889	0.059276793566015035	0.986111111552627
98	0.02887014687337257	0.993287037037037	0.06007754663350406	0.9847222226637381
99	0.02806300132845839	0.9939814814814815	0.05957436692659502	0.985648148589664

The optimal condition:
	epoch: 97
	train_acc: 0.9920138888888889
	val_acc: 0.986111111553
	using time: 656.810873985
