The number of train datas: 2806
The number of test datas: 702
epoch	train_loss	train_acc	val_loss	val_acc
0	0.697426204883619	0.5228082690592417	0.6791513816923158	0.596866094998145
1	0.6800894865969292	0.564504633056888	0.6594797673388424	0.6880341899021398
2	0.6622918141117626	0.6047754812818379	0.6358448323021587	0.7678062683157092
3	0.6400991295884527	0.6500356380886804	0.6081516790254163	0.8148148126072354
4	0.6058041394733992	0.7152530295204793	0.57195545007021	0.8475783453707681
5	0.5705511552983322	0.766928010681911	0.527642656595279	0.8732193722004904
6	0.5360644998842703	0.7818959380844535	0.47620180427518666	0.8831908821720004
7	0.48793430289708967	0.8171774771327388	0.422568148442483	0.8917378893604985
8	0.4537692184076085	0.8218104051252135	0.3745268554429383	0.9017093993320084
9	0.4013335137433523	0.8531717756605114	0.3319740888060328	0.908831907813026
10	0.3608169425026655	0.8727726294411478	0.29780494538467495	0.9102564078790171
11	0.3324175084903252	0.8720598705564323	0.2745008684291459	0.9102564117847345
12	0.31641809530795173	0.8774055599401615	0.2603771804574548	0.908831910360233
13	0.297409779436658	0.8831076253675514	0.24752156118042448	0.9145299160582387
14	0.28240662924706383	0.8905915888564041	0.23864619285292774	0.9145299160582387
15	0.2887956953354589	0.8888096924093223	0.23208348245022983	0.9159544135770227
16	0.2839723405503241	0.8863150380971342	0.23087656230498582	0.9131054132752269
17	0.2626325254217693	0.8966500345333422	0.22417345991161813	0.9173789150015241
18	0.2553111302878121	0.9023521020424341	0.2227723344184055	0.9159544161242298
19	0.24501217777441844	0.9012829654147093	0.21960415400331176	0.9188034189732326
20	0.24747780620711918	0.898788310677684	0.2155440167823748	0.918803420331743
21	0.24492087893331382	0.906628651782095	0.21354874357199058	0.9216524206335388
22	0.2423566739132637	0.9016393446446485	0.2119464411100431	0.920227920397734
23	0.244997051736328	0.9041339974699067	0.21107894683155917	0.9216524218222355
24	0.23036856852678936	0.9076977898542659	0.21126748252118754	0.9230769232467368
25	0.2343379866838965	0.9119743411233403	0.2063787921286716	0.9230769246052473
26	0.23242876096147347	0.9094796868111521	0.20509750669838017	0.9259259274542502
27	0.22188729638298835	0.9148253736458586	0.2035155693689982	0.9259259260957398
28	0.22288233933921212	0.9173200284253675	0.20299352455003308	0.9230769232467368
29	0.22190804706245174	0.9183891669648593	0.2022578983310281	0.9230769232467368
30	0.2159963766018663	0.9144689939485986	0.2004415427687501	0.9273504288787515
31	0.2156043608997519	0.915181752833314	0.20052026492408198	0.9230769232467368
32	0.21682497103853218	0.9158945126526711	0.1977696226023541	0.9273504288787515
33	0.2058616799919077	0.9176764071455022	0.19673191227464595	0.928774930303253
34	0.21782777129711633	0.9166072705177775	0.19537520527500032	0.9273504249730341
35	0.21223329315632475	0.9215965776977076	0.19418713446186478	0.9259259235485326
36	0.20392386292400141	0.9183891659877339	0.19381914587102383	0.9273504249730341
37	0.2007445267966536	0.9226657167045201	0.19506353021007658	0.9259259260957398
38	0.20721369230866177	0.921596577655224	0.19259688546854548	0.930199430369244
39	0.20748310387984226	0.9230220959344594	0.1920616631833916	0.9301994278220369
40	0.20127289773563106	0.9205274411124666	0.18998123488874516	0.9259259235485326
41	0.194589868389702	0.9269422664866648	0.18979145972817033	0.9287749263975356
42	0.19584403672943945	0.9237348533322449	0.1894528261277071	0.928774930303253
43	0.19319040217275546	0.9290805411440767	0.18860779579548415	0.9273504288787515
44	0.19395650108626972	0.9255167502466475	0.1876179638751212	0.9316239292465384
45	0.19595498974545889	0.9297933010484012	0.18821195561831494	0.9344729346427483
46	0.18721603127946534	0.9347826076335595	0.18587512452887672	0.9316239292465384
47	0.18374437665671683	0.9269422665291485	0.1854236577226226	0.9287749263975356
48	0.19191018617841404	0.9265858878090139	0.18552524118851393	0.9316239331522559
49	0.18351640140721395	0.9283677832789703	0.18403464755271576	0.9301994278220369
50	0.18343287919855764	0.9330007122060867	0.1832472250247613	0.9301994317277544
51	0.18051418380616652	0.9312188167361303	0.18247497361949366	0.9330484306710398
52	0.18017097032036172	0.9340698497684531	0.18459001510401396	0.9344729346427483
53	0.18537635847405715	0.9319315756208456	0.1806802292410125	0.9344729360012587
54	0.18005071628204178	0.9333570923706674	0.18110702821501978	0.9344729360012587
55	0.1714526029597073	0.9387027807347875	0.17990303311252867	0.9358974335200426
56	0.17272943484511277	0.9369208837354175	0.18004790462150194	0.9344729360012587
57	0.17658152020750773	0.9297932994765039	0.1784576665811729	0.9344729320955413
58	0.17404435942492483	0.9369208847550266	0.17887621583082738	0.9358974335200426
59	0.18067564705356223	0.9301496796835684	0.1796267641405774	0.9316239306050488
60	0.17781609772616255	0.9319315761306501	0.17656236785089868	0.9373219388502615
61	0.176952514120365	0.9337134720679274	0.1762198108298826	0.9358974374257601
62	0.17280879034710542	0.9337134715581229	0.17648814669531634	0.9330484345767572
63	0.16903167266295113	0.9365645035708366	0.176972373640775	0.9358974374257601
64	0.16555980973726328	0.9379900223173928	0.1754236401740642	0.9344729360012587
65	0.16768426465631295	0.9394155375802848	0.17465894225655798	0.9373219388502615
66	0.16814541739178657	0.9362081248931857	0.17336996133171256	0.9373219388502615
67	0.16655550774980765	0.937633641133203	0.17302077138355995	0.9373219388502615
68	0.16554575441610958	0.9394155391096983	0.17290833685812448	0.938746440274763
69	0.16683176344662842	0.9419101913826685	0.17433360223247116	0.9373219388502615
70	0.16198582398152234	0.9433357101292247	0.17231853153461066	0.9373219388502615
71	0.16434558719417833	0.941910191892473	0.1715844476494694	0.9401709416992644
72	0.15531164290899901	0.9461867436288682	0.1714405704003114	0.938746440274763
73	0.16040088573546385	0.9401282954453912	0.170827699352873	0.9401709416992644
74	0.15408164307379502	0.9472558806814301	0.17042635232634692	0.9415954431237659
75	0.1512549223215004	0.949394154319233	0.17054686854537734	0.9415954431237659
76	0.15458242631306923	0.9472558796618211	0.17101523012686998	0.9358974374257601
77	0.148574045154977	0.9444048467144657	0.17096006577340966	0.9373219388502615
78	0.15349445270582854	0.9472558797043048	0.168890399301154	0.9401709377935469
79	0.15161289659170107	0.9497505335066885	0.16889204534879776	0.9401709416992644
80	0.14902781797619438	0.9447612253921166	0.16781970867064605	0.9430199445482672
81	0.14704250147617975	0.9451176050893766	0.16790423285417747	0.9444444459727687
82	0.14615826974659415	0.9479686395661455	0.167608716973552	0.9401709377935469
83	0.14832324981264616	0.9479686390988247	0.16680330572984156	0.9401709377935469
84	0.14703364489720874	0.949750535036102	0.16652543397031278	0.9430199406425498
85	0.14744409864087318	0.9465431213293939	0.16690129211485555	0.938746440274763
86	0.14421520428366943	0.947255879236984	0.16587907407018873	0.9415954431237659
87	0.13785555122349827	0.949394155338842	0.1658764295173846	0.9458689473972701
88	0.14393429332814384	0.9415538121527294	0.1683687672146365	0.9358974374257601
89	0.1426480444877044	0.9472558811912346	0.16557790555505672	0.9430199445482672
90	0.14320751075139662	0.9497505349936183	0.1642475877477233	0.9430199406425498
91	0.14244753117550293	0.9476122599113693	0.16368364226444496	0.9444444459727687
92	0.14332947694163448	0.9508196720886638	0.1640470330192153	0.9444444459727687
93	0.13631661272928364	0.9511760517434401	0.16419435710648866	0.9444444459727687
94	0.1356750681029841	0.9536707066079165	0.16378194989472034	0.9444444420670512
95	0.1409547193638359	0.9529579462362712	0.16368054252574246	0.935897434878553
96	0.13214984966318521	0.9515324304635747	0.16687382592095268	0.9358974374257601
97	0.13321388111909796	0.9550962228479338	0.1635698313556845	0.9430199406425498
98	0.13748473584312076	0.9490377761513865	0.16315341140130307	0.9430199406425498
99	0.12969469024679614	0.9558089796934311	0.16166452320552618	0.9444444420670512

The optimal condition:
	epoch: 87
	train_acc: 0.949394155338842
	val_acc: 0.945868947397
	using time: 221.538792849
