The number of train datas: 15914
The number of test datas: 3980
epoch	train_loss	train_acc	val_loss	val_acc
0	0.7000003887718012	0.5169033555360061	0.6820856176429059	0.5849246231305539
1	0.6808053479506859	0.5641573457932433	0.6666033887982967	0.6552763819095477
2	0.6636465833431904	0.6038708056399192	0.6442386414537478	0.7133165828546687
3	0.6357342951244126	0.6561518160485137	0.602213179346305	0.7587939699091504
4	0.5838984577398407	0.7151564659523397	0.5390056867096292	0.8015075377483464
5	0.5159213047231639	0.777365841427475	0.47171846110018056	0.8304020100502513
6	0.4415412971994993	0.8241799673543319	0.418425728717641	0.8326633165829146
7	0.38211496386139093	0.8613170793237167	0.38769673213886857	0.856532663376487
8	0.3398704514463628	0.8853839386853348	0.3691728109989933	0.8693467337282459
9	0.30967790048124205	0.897637300415226	0.35995348423869167	0.8793969849845272
10	0.2921075212628874	0.9068744501771527	0.35144834728097196	0.8836683417684469
11	0.2746591072511295	0.9146034937865533	0.3462362460155583	0.8861809045825172
12	0.2638369504157751	0.9199447027025203	0.3308070197327053	0.8839195980498539
13	0.2531499011785942	0.9216413221213031	0.3284741719164441	0.8871859297081454
14	0.2469300320452746	0.9238406434660807	0.3241648812839134	0.8889447236779946
15	0.2399529032282783	0.9269825310372701	0.32254182088315186	0.8899497488036228
16	0.23260018834744745	0.930187256428799	0.31805646993107534	0.8894472362408087
17	0.22734670691679992	0.9298730677390976	0.31267790249244654	0.8896984925222158
18	0.22528577892118412	0.9310041472167844	0.3117601084499503	0.8922110553362861
19	0.21942561956803014	0.9318210380871691	0.30636530078236185	0.8912060302106579
20	0.21575636167041287	0.9340203593570383	0.307371286336501	0.891959799054879
21	0.2154288053722317	0.9337061706823186	0.30631138806666564	0.8922110553362861
22	0.2127074567654691	0.9350886012466016	0.2982526182080034	0.8922110553362861
23	0.21183818403808888	0.9352771144978766	0.2984114249896764	0.8922110553362861
24	0.20720355082909575	0.9353399521683994	0.3011534880228977	0.8952261306532663
25	0.20243472130930543	0.9372250847710397	0.2955025146205222	0.8922110553362861
26	0.20252153275337173	0.9360311674505408	0.2959166882175896	0.893467336683417
27	0.20035887145061237	0.9376021113709707	0.2910053891302952	0.8937185929648241
28	0.19835173472082313	0.9376021112810806	0.2900110107420677	0.893467336683417
29	0.19452085927366627	0.9373507602693928	0.29453543328759657	0.8912060302106579
30	0.19574134020525502	0.937099409257705	0.289828886398718	0.8896984925222158
31	0.19346255946432028	0.9382933265557313	0.28811943038324617	0.8949748743718593
32	0.19101544003383558	0.9392987306923727	0.290858868498299	0.8932160804619143
33	0.18802835806629326	0.9401156214878489	0.2838527022743944	0.8912060302106579
34	0.18806983732025093	0.9391102173512075	0.28549623545540037	0.8944723618090452
35	0.18425453130745237	0.9402412969038028	0.2881452697904865	0.8942211055276382
36	0.1843441265878762	0.9402412968963119	0.2860577624571982	0.8942211055276382
37	0.18251925445807493	0.9401156214728672	0.2828596914683155	0.8944723618090452
38	0.1812319626112417	0.9403669724171375	0.2809678374822415	0.8942211055276382
39	0.17784314008495894	0.9405554856609216	0.2800644479055501	0.8942211055276382
40	0.17776611579922227	0.9392987306099734	0.28155396438423713	0.8947236180904523
41	0.17609999246358782	0.941246700950554	0.274669868278144	0.8952261306532663
42	0.1760217346662071	0.941246700950554	0.2772184007281634	0.8949748743718593
43	0.17177113095120267	0.9414980520446411	0.27214869112525153	0.8929648241805072
44	0.17305243677667176	0.9417494029739296	0.27278902171245173	0.8949748743718593
45	0.1699723164924683	0.9421892672443833	0.273086880469442	0.8949748743718593
46	0.16927362714406158	0.9416865652959161	0.2707487190189074	0.8934673367433212
47	0.16633223878392717	0.9425662937544242	0.2678775354396159	0.8937185930247283
48	0.16702247845762502	0.9421892673192918	0.2723382962259216	0.8937185930247283
49	0.16587065540809376	0.9423149428251357	0.27479238405299544	0.8949748743718593
50	0.16573420423905244	0.9419379163076039	0.26855234917084775	0.8949748743718593
51	0.1631703519058599	0.9428804826089241	0.26890527619488874	0.8949748743718593
52	0.16152198820935432	0.9431946713660431	0.27222655326427525	0.8952261306532663
53	0.16018357596925353	0.9433203468718869	0.2705679371578609	0.8952261306532663
54	0.15890465098116827	0.9438858865732761	0.2666468779046332	0.8949748743718593
55	0.15575766857150244	0.9443257508362389	0.26780815108038075	0.8954773869945776
56	0.15653307908115727	0.944765615189092	0.2682984069364155	0.8939698492462311
57	0.15409994474439537	0.9437602110674322	0.2686814780361089	0.8944723618090452
58	0.1535736777640264	0.9447656151816011	0.2651415911451656	0.8947236180904523
59	0.15332665966992942	0.9442000753378859	0.26561049760586053	0.8952261307131705
60	0.15097370654329578	0.9444514264169913	0.26650056671257594	0.8952261306532663
61	0.14858472616929902	0.9459595324946091	0.2615174094486476	0.8949748743718593
62	0.1471397251778397	0.9453311549803712	0.2607209802722212	0.8954773869945776
63	0.14609420359644051	0.9453311549728803	0.2605282489528608	0.8944723618090452
64	0.14779414001145794	0.9463993966901544	0.25833127748726603	0.8962311558387986
65	0.14344530078361603	0.9460852079929621	0.26261051933669566	0.8954773869346734
66	0.1444330168898507	0.9455196682316462	0.25656787210972465	0.8957286432759846
67	0.14131026135740477	0.9465250722634159	0.2598528647692359	0.8954773869346734
68	0.1401258951547653	0.9465250722034891	0.2563578781620342	0.8952261307131705
69	0.14048114600449152	0.9458966947416871	0.2548139560612003	0.8954773869346734
70	0.13836988873954872	0.9471534497926354	0.26942602971840146	0.8957286432160804
71	0.1380939269385716	0.9462737211843104	0.254564015305222	0.8952261307131705
72	0.13671601062648273	0.9470277742942823	0.2591125767883943	0.8952261306532663
73	0.13144141594803602	0.9492270956540416	0.25833840834435506	0.8954773869346734
74	0.13286494639717006	0.9481588537644783	0.26243324897546866	0.8952261306532663
75	0.13100959954436167	0.9488500691440007	0.25321376831387754	0.8964824121202056
76	0.13085685728242594	0.9477189895764239	0.2531357267843419	0.8964824120603015
77	0.13213972289260795	0.947153449717727	0.2551661257842677	0.8949748743718593
78	0.1307187837735708	0.948473042529088	0.2515491867484759	0.8954773869346734
79	0.12800640573513722	0.9494784465758394	0.25986335594300647	0.8949748743718593
80	0.126078078277719	0.9497926354303392	0.25631772267009745	0.8957286432160804
81	0.1256349852335083	0.949164257886138	0.2649325964963017	0.8952261306532663
82	0.1250710553790781	0.9492899333170735	0.25183427279918036	0.8954773869346734
83	0.1207230869037835	0.952871685233625	0.26033424681155526	0.8962311557788945
84	0.12148752343389457	0.9515520924372456	0.2564705015501784	0.8959798994974875
85	0.1203831487865593	0.9509865526534571	0.24337463572097184	0.8974874371859296
86	0.1205216415738646	0.9512379037475442	0.2477670312077556	0.8974874371859296
87	0.11672593188582465	0.9517406056885206	0.25201293957892373	0.8972361809045226
88	0.11827314094755838	0.9526831720572584	0.2528824274489029	0.8962311557788945
89	0.11618416396316024	0.9529973608143772	0.2616654538629043	0.8954773869346734
90	0.11542946160536278	0.9530601984998817	0.24774968366527078	0.8974874371859296
91	0.1138101478424581	0.9545683046374261	0.256098250236044	0.8967336683417085
92	0.1117306010397562	0.9540656025391421	0.25136574398932143	0.8969849246231156
93	0.11271550434909455	0.955133844353797	0.2531943547291372	0.8967336683417085
94	0.10948171004403906	0.9556993841900213	0.26711107620492053	0.8969849246231156
95	0.10985686317174237	0.9545054668170866	0.2501513203109928	0.8969849246231156
96	0.10752039208991362	0.9569561391810428	0.2544031577418797	0.8969849246231156
97	0.10782304293897053	0.9568304636677081	0.25182046607211606	0.8984924623115578
98	0.10543500878075057	0.9568933014955385	0.2598645254071034	0.8962311557788945
99	0.10849149231524477	0.9573960035338959	0.25674467427496933	0.8974874371859296

The optimal condition:
	epoch: 97
	train_acc: 0.9568304636677081
	val_acc: 0.898492462312
	using time: 1272.03882003
