The number of train datas: 1660
The number of test datas: 416
epoch	train_loss	train_acc	val_loss	val_acc
0	0.7239703301923821	0.5054216856697956	0.6917422367976263	0.5264423076923077
1	0.7072713008846145	0.5012048214314931	0.686092156630296	0.5600961538461539
2	0.6987114843115749	0.5240963861166713	0.6837297861392682	0.5600961538461539
3	0.6974975888987621	0.5313253014920706	0.681533043201153	0.5552884615384616
4	0.6878883399159075	0.5433734949812832	0.6797053951483506	0.5985576923076923
5	0.6880461583654565	0.5572289166680302	0.678395321735969	0.59375
6	0.6815609877368054	0.5572289166680302	0.67725375523934	0.6105769230769231
7	0.6863972485783588	0.5644578329051834	0.6759418478378882	0.6274038461538461
8	0.6867882975612778	0.5373493980212384	0.6745436558356652	0.6201923076923077
9	0.687143196542579	0.5451807237533202	0.6732218632331262	0.6346153846153846
10	0.6856296878263175	0.5385542162929673	0.671993205180535	0.6442307692307693
11	0.6798853273851325	0.5807228904172599	0.6708741554847131	0.6394230769230769
12	0.6768040552196732	0.5674698809543288	0.6692363894902743	0.6658653846153846
13	0.6813067641602941	0.5620481936328382	0.6680369743934045	0.6586538461538461
14	0.6719314198896109	0.5903614439159991	0.6665103160417997	0.6610576923076923
15	0.6656605423214924	0.6090361444346876	0.6649917547519391	0.6610576923076923
16	0.6730525240840682	0.5734939763344914	0.6631735700827378	0.6682692307692307
17	0.669011499795569	0.5975903610149061	0.6611375075120193	0.6658653846153846
18	0.6714797304337283	0.5837349417697952	0.6591065755257239	0.6706730769230769
19	0.6626829079834812	0.6024096366870835	0.6575929660063523	0.6826923076923077
20	0.6603048745408115	0.6066265047314655	0.6558334093827468	0.6875
21	0.6609040813273694	0.6138554208249931	0.6530660711801969	0.6947115384615384
22	0.6577003546507961	0.6174698803798262	0.6501259803771973	0.6947115384615384
23	0.6599567492324185	0.6228915654033064	0.6476193299660316	0.6971153846153846
24	0.6545869666409779	0.6150602406766041	0.645515345610105	0.6995192307692307
25	0.6520370237798576	0.6379518079470439	0.6418352998220004	0.7091346153846154
26	0.6553061931966299	0.6138554196759879	0.6389424250676081	0.7211538461538461
27	0.6429124205945486	0.6524096369743347	0.6356647381415734	0.7259615384615384
28	0.6404413170125111	0.6512048195643597	0.6320707064408523	0.7235576923076923
29	0.638910805604544	0.6457831322428692	0.6281995131419256	0.7331730769230769
30	0.6378401137260069	0.6530120474746428	0.6242296879108136	0.7379807692307693
31	0.6335181185998112	0.6481927702225835	0.6195871279789851	0.7211538461538461
32	0.6277098303817841	0.6734939770526197	0.615266176370474	0.7427884615384616
33	0.6195796735315438	0.683132529689605	0.6101270638979398	0.7379807692307693
34	0.6218027496912393	0.6728915658341833	0.6051925099813021	0.7475961538461539
35	0.6092014328542962	0.698795179717512	0.599625500348898	0.7427884615384616
36	0.6003001524741391	0.715060241538358	0.5931979509500357	0.7596153846153846
37	0.5994219841727291	0.7102409645735499	0.5866820399577801	0.7596153846153846
38	0.5944257013769035	0.7036144568259457	0.580143364576193	0.7620192307692307
39	0.5955289352371032	0.7006024079150465	0.5741690397262573	0.7764423076923077
40	0.582298660421946	0.7234939743237323	0.5666544895905715	0.7764423076923077
41	0.5824601154729544	0.7174698776509388	0.5599055748719436	0.7836538461538461
42	0.5786686663168022	0.7168674677251333	0.5522710818510789	0.7932692307692307
43	0.5678394445453782	0.7415662656347436	0.5431601496843191	0.8100961538461539
44	0.5694757978600192	0.7343373509774725	0.5365386238464942	0.8100961538461539
45	0.5458089544112423	0.7500000017235078	0.5276430111664993	0.8197115384615384
46	0.5449696168842086	0.7475903614457832	0.5174789703809298	0.8269230769230769
47	0.5401526657931776	0.751204819851611	0.5077696236280295	0.8341346153846154
48	0.5292827666523945	0.7602409627064165	0.49807486625818104	0.8365384615384616
49	0.5169419049498547	0.7692771094391145	0.48763614434462327	0.8341346153846154
50	0.5127939831779664	0.7807228937206498	0.47744149428147536	0.8365384615384616
51	0.5005952112645988	0.7771084353148219	0.46718475451836217	0.84375
52	0.48913906496691417	0.7903614462140095	0.4565896621117225	0.8557692307692307
53	0.48090775745460784	0.8006024077714208	0.4475228534295009	0.8653846153846154
54	0.47291249683104364	0.8018072281975344	0.4372663131126991	0.8677884615384616
55	0.4644651811525046	0.8078313234340714	0.42719652561041027	0.8725961538461539
56	0.44314272066196764	0.8186747009495655	0.41362937138630795	0.875
57	0.450489781778979	0.810240963711796	0.40369475804842436	0.8822115384615384
58	0.43049312456544625	0.8313253022101988	0.39367713836523205	0.8894230769230769
59	0.4141923178391284	0.8451807237533202	0.3834204306969276	0.8894230769230769
60	0.4012904158557754	0.8493975890688149	0.36657379452998823	0.8918269230769231
61	0.3927817148616515	0.8481927702225834	0.3574797006753775	0.9014423076923077
62	0.3716584597007338	0.8626506009733821	0.34474708483769345	0.9038461538461539
63	0.365622892437211	0.8632530106119363	0.3347229269834665	0.9038461538461539
64	0.3540095472910318	0.875301202808518	0.3259050937799307	0.9038461538461539
65	0.34434190895183975	0.8728915665523116	0.3171721536379594	0.90625
66	0.3416293399161603	0.8710843354822642	0.3062824308872223	0.9134615384615384
67	0.3231266229985708	0.8831325304077332	0.2956008154612321	0.9182692307692307
68	0.3208010514816606	0.8837349411952926	0.2917052713724283	0.9134615384615384
69	0.3006585703556796	0.8999999991382461	0.27929032765902007	0.9182692307692307
70	0.29911801922752196	0.8939759054815913	0.2722118004010274	0.9182692307692307
71	0.29657358132212996	0.893373495843037	0.26502779813913196	0.9182692307692307
72	0.29464226214282485	0.8945783129657607	0.26547664174666774	0.9278846153846154
73	0.2750424866934857	0.9108433747866067	0.25456879230645985	0.9278846153846154
74	0.2701905723077705	0.9090361437165594	0.25158010537807757	0.9326923076923077
75	0.26298704994730204	0.9078313271683383	0.23941098497464106	0.9302884615384616
76	0.24736353273851325	0.9259036125906979	0.2386227433498089	0.9375
77	0.2479649904980717	0.9204819267054638	0.23426730930805206	0.9375
78	0.24012053680707174	0.9162650603845895	0.224600246319404	0.9350961538461539
79	0.2347167535718665	0.9253012055374054	0.23085837696607298	0.9278846153846154
80	0.23011083983513247	0.9162650582302048	0.21529072523117065	0.9399038461538461
81	0.22549861231482174	0.928313254304679	0.21694881182450515	0.9399038461538461
82	0.21435072781091713	0.9246987953243485	0.2100585441176708	0.9423076923076923
83	0.2099482995917998	0.9271084322986832	0.2092501979607802	0.9399038461538461
84	0.21578723910343217	0.9277108440916222	0.2018955395771907	0.9519230769230769
85	0.20524575516402002	0.9307228907045112	0.20200347212644723	0.9423076923076923
86	0.20458470407020615	0.9253012043884001	0.201527761725279	0.9399038461538461
87	0.20028719043875315	0.9343373472432056	0.20057973093711412	0.9399038461538461
88	0.19253933989858052	0.9331325308386101	0.1937822584922497	0.9471153846153846
89	0.1851599579115948	0.9355421665203141	0.1944665158024201	0.9399038461538461
90	0.17402123018919705	0.9391566282295319	0.18869555856172854	0.9495192307692307
91	0.17725978364427405	0.9439759049070887	0.18672427764305702	0.9495192307692307
92	0.17832577092101776	0.9415662657783692	0.1959218239554992	0.9375
93	0.18320165868983213	0.9349397597542728	0.18274094393620124	0.9471153846153846
94	0.16881465516894698	0.9475903631692909	0.18370480147691873	0.9471153846153846
95	0.17025478205767022	0.9409638555653124	0.19143333887824646	0.9375
96	0.16776345461966044	0.9379518079470439	0.17733193475466508	0.9495192307692307
97	0.1616255289818867	0.9487951814410198	0.17940455159315696	0.9471153846153846
98	0.15914924385317836	0.9475903615894088	0.17811713539637053	0.9471153846153846
99	0.14488831923668644	0.955421686316111	0.17909672455145761	0.9447115384615384

The optimal condition:
	epoch: 84
	train_acc: 0.9277108440916222
	val_acc: 0.951923076923
	using time: 132.574172974
