The number of train datas: 10206
The number of test datas: 2552
epoch	train_loss	train_acc	val_loss	val_acc
0	0.6431054667634121	0.6330589851678037	0.5563991300551495	0.8428683372500548
1	0.46635138744376303	0.8231432492794206	0.34801826011798226	0.8891065838194939
2	0.3087768716051045	0.8914364100834119	0.26171285750163387	0.9000783710270466
3	0.24913925035850643	0.9087791496016525	0.24095089841038456	0.905172414914194
4	0.21244012138527232	0.9223985891470179	0.22929281949249555	0.9059561139737551
5	0.1929682984352462	0.927787575970765	0.22495762599766442	0.9047805650107166
6	0.17468436927555264	0.9378796787138619	0.2261667076416524	0.9036050160476781
7	0.16091260127978724	0.942876739266478	0.20842789419485858	0.9110501571135088
8	0.1492495793522911	0.9480697629079383	0.19781624787373228	0.9169279000602172
9	0.13585020848496063	0.9529688419278126	0.1921472177026227	0.9224137931034483
10	0.12553401861953753	0.9565941603329049	0.19910012619996145	0.9224137931034483
11	0.11857876696412338	0.9594356261723747	0.191648513271377	0.9282915360501567
12	0.11222816578563512	0.9625710367035123	0.18060881497928155	0.9333855799373041
13	0.10928454732348258	0.9641387419398804	0.1852271304024985	0.9337774294670846
14	0.10041888747908147	0.9665882814614978	0.1695626853355046	0.9392633232577093
15	0.09701837203314835	0.9680580051067225	0.1841059796465415	0.9380877742946708
16	0.09431571904704918	0.9698216735487378	0.1770155429840088	0.9392633228840125
17	0.0910358863105067	0.9724671761825602	0.1712733493201131	0.9427899686520376
18	0.08757629026951753	0.9720752498880686	0.1841688899317505	0.9412225705329154
19	0.0866243100177417	0.972173231444171	0.17943674610302926	0.9439655172413793
20	0.08061406545760046	0.9750146972836408	0.18204131630777753	0.9431818181818182
21	0.08042193140214783	0.9769743288612216	0.1709714857073133	0.9474921630094044
22	0.07684413563695908	0.9771702919967871	0.1891419675849308	0.9443573667711599
23	0.07409618475753467	0.9773662551907542	0.18142736353692496	0.9459247648902821
24	0.07635472065548488	0.9773662551673935	0.16592601032746623	0.9502351097178683
25	0.07357736387697594	0.9789339604154419	0.1757738557600396	0.9490595611285266
26	0.0744751670560065	0.9789339604271222	0.18078973172612045	0.9486677115987461
27	0.07222067706203684	0.9793258867566548	0.1717145513147583	0.950626959247649
28	0.07229314516414363	0.9787379972798764	0.17410052986377647	0.9502351097178683
29	0.0724282731038728	0.9809915735958465	0.17442489066818104	0.9502351097178683
30	0.06702070814206416	0.9805996472663139	0.18255137757260972	0.9494514106583072
31	0.06866346388564679	0.981873407846055	0.16918401900667196	0.95141065830721
32	0.06613718283052611	0.980795610460281	0.16677052389865385	0.9518025078369906
33	0.06619942599483011	0.981677444652088	0.16925511062787524	0.9510188087774295
34	0.06455707942981907	0.9825592788555751	0.1770124797414416	0.950626959247649
35	0.0630898883479753	0.9824612972994727	0.16720412591571532	0.9518025078369906
36	0.06310465984654566	0.982265334117186	0.17754400680046004	0.9502351097178683
37	0.06256931326960714	0.9829512051734274	0.16959510817189574	0.95141065830721
38	0.06317213848277024	0.9826572604700792	0.17115659645662226	0.9510188087774295
39	0.061512248095270235	0.9820693709816205	0.16753803278818774	0.9518025078369906
40	0.05913679364374425	0.9831471683790748	0.1602030325605064	0.954153605015674
41	0.05884662292446549	0.9849108367977295	0.17463109323457118	0.9510188087774295
42	0.06050090760783941	0.9839310209797383	0.17641410548648678	0.95141065830721
43	0.05819573214410124	0.9838330394119555	0.17554137134358147	0.95141065830721
44	0.059933130790877524	0.9848128552065862	0.16112841314528148	0.954153605015674
45	0.058793046020953976	0.9842249657064472	0.16490211083223827	0.9525862068965517
46	0.056899430588334535	0.9842249657181275	0.16193576246721897	0.9537617554858934
47	0.0553982634292253	0.9856946894100734	0.16021654844797892	0.954153605015674
48	0.0542010170826077	0.9847148736154429	0.15700855379089199	0.9545454545454546
49	0.05423696938768546	0.9848128552182664	0.17556044059808493	0.9521943573667712
50	0.054920415179564884	0.9843229472975905	0.16199293158084246	0.9537617554858934
51	0.054200800350722486	0.9852047815244385	0.16353879282163417	0.954153605015674
52	0.05390426815932209	0.9852047815010778	0.16486832245215072	0.9545454545454546
53	0.0534197344497071	0.986184597319069	0.1675785552377471	0.9537617554858934
54	0.05375780970845156	0.9860866157512863	0.1615587487513182	0.9537617554858934
55	0.05138632778809067	0.9859886341718233	0.1652244793332903	0.9549373040752351
56	0.05289293710830783	0.9858906525573192	0.16236732072170626	0.954153605015674
57	0.05252419425458937	0.9850088183421517	0.17110345462996945	0.9529780564263323
58	0.05278513827891343	0.9862825788868518	0.15947869509680423	0.9545454545454546
59	0.05253071242597742	0.9851067999332951	0.1626162209685273	0.9549373040752351
60	0.05181912675517437	0.987164413090339	0.1610252374234291	0.9549373040752351
61	0.05037433056694817	0.9867724867841671	0.1667380063417937	0.9545454545454546
62	0.051295496151070256	0.9860866157279257	0.1545633767646822	0.9545454545454546
63	0.04808002336371588	0.9875563394081912	0.16102177206847268	0.9545454545454546
64	0.04844668920694111	0.986674505204704	0.16937078078654025	0.9537617554858934
65	0.049144863761127776	0.9877523025787976	0.1506878599921551	0.9549373040752351
66	0.04780150173360078	0.987164413090339	0.1672284619745486	0.954153605015674
67	0.04964708072935836	0.9871644131020193	0.1578911955885846	0.9553291536050157
68	0.04586057723708803	0.9873603762609454	0.16417308589064028	0.9545454545454546
69	0.04857293217016416	0.9874583578520888	0.14844854655719383	0.9565047021943573
70	0.04903758438415395	0.9869684499430932	0.16450664493456763	0.954153605015674
71	0.04583356012328335	0.9884381736350392	0.1609502098082235	0.9549373040752351
72	0.04796238594865322	0.9876543209993346	0.1614166014655537	0.9537617554858934
73	0.04617139218328001	0.98814422889665	0.1652073837221136	0.954153605015674
74	0.04651001592623167	0.9881442289083302	0.1596475743417129	0.9549373040752351
75	0.04603083641345877	0.9874583578287282	0.1667720978294257	0.9533699059561128
76	0.04565706624033146	0.9875563394198715	0.15770381304280698	0.9549373040752351
77	0.04531814015389961	0.9879482657494041	0.15750796937596837	0.9549373040752351
78	0.045879352869556835	0.987262394669802	0.1555706070076242	0.9553291536050157
79	0.04253983627125116	0.9889280815557151	0.1635939100929492	0.9537617554858934
80	0.043942066963288264	0.9885361552028219	0.15755697359625823	0.9549373040752351
81	0.04335317599663612	0.9887321183734283	0.1605263320600678	0.954153605015674
82	0.04426829488197892	0.9889280815323545	0.15259745536039243	0.9545454545454546
83	0.04367967833464265	0.9900058788947678	0.15245895286829309	0.9545454545454546
84	0.04288154939022014	0.9891240447146412	0.17250617998170442	0.9525862068965517
85	0.04115019050010123	0.9893200078502067	0.15860165738964857	0.9549373040752351
86	0.04195725547769199	0.9893200078502067	0.15682039579499196	0.9553291536050157
87	0.042068185620907826	0.9892220262941043	0.16106615713461767	0.9545454545454546
88	0.04208199155113404	0.9888300999645717	0.16089460346409848	0.9545454545454546
89	0.04056260276709191	0.9887321183734283	0.15813254223710224	0.9553291536050157
90	0.042858481915259206	0.989320007861887	0.1615251377166532	0.954153605015674
91	0.03765984705327925	0.9903978052243003	0.14692335966448986	0.9580721003134797
92	0.041655854031650924	0.9900058789181284	0.15517339437213204	0.9557210031347962
93	0.04040323421848176	0.988732118361748	0.16033820976973234	0.9537617554858934
94	0.04037732780330115	0.9897119341797392	0.16049247232724134	0.9549373040752351
95	0.040670735101585476	0.9894179894296697	0.1533636866446853	0.9553291536050157
96	0.03841714213404957	0.9905937683715461	0.1509463345532694	0.9565047021943573
97	0.03755465315849424	0.989809915747522	0.15882369862916093	0.9553291536050157
98	0.03946883043932396	0.9896139525885959	0.15056686185674048	0.9565047021943573
99	0.038702782238380085	0.9894179894296697	0.16527545788007142	0.9537617554858934

The optimal condition:
	epoch: 91
	train_acc: 0.9903978052243003
	val_acc: 0.958072100313
	using time: 843.373843908
