The number of train datas: 3896
The number of test datas: 974
epoch	train_loss	train_acc	val_loss	val_acc
0	0.7008824337434475	0.5107802875967241	0.6906504611459846	0.5164271051511627
1	0.6939053410622129	0.5256673510069719	0.6856174833720714	0.5390143737166324
2	0.6898767192995279	0.5379876798550451	0.6815052601591028	0.5749486654201328
3	0.6874160042044074	0.5395277211063941	0.6776933040951801	0.5995893224431259
4	0.6814144596426883	0.5628850100221575	0.6732542906453722	0.6149897330595483
5	0.6793222663583697	0.5739219716197411	0.6683331720638079	0.6355236162884769
6	0.6747513656988281	0.5785420948230265	0.6628646631505211	0.6570841886669214
7	0.6710202025681795	0.5875256677183037	0.6576525806401544	0.6694045172090158
8	0.6654774844034497	0.6067761809429348	0.6512129251717053	0.6940451762514682
9	0.6615592670881283	0.61267967182508	0.6432071717368014	0.7032854205773841
10	0.6515861086287292	0.6314168376599494	0.6336730076057465	0.7145790570325675
11	0.642131028234102	0.6486139634061888	0.6227747077080259	0.7248459954036579
12	0.6382784361222441	0.635523613718256	0.610102524258028	0.7505133484912849
13	0.6258300436350844	0.6683778237757987	0.5965955034663301	0.7607802860056351
14	0.6098408151945783	0.6763347025035098	0.5799812040534598	0.7731006146701209
15	0.5972205081025188	0.6945585218053579	0.5621205245200124	0.7885010280403513
16	0.5875766312806758	0.702515400533069	0.5416162222073063	0.8039014385955779
17	0.5700013772173339	0.7179158113330786	0.5208937749725593	0.8151950729701064
18	0.5487603442380071	0.738449691624612	0.49638726175198566	0.8275153990643714
19	0.5295079021238448	0.7574435318275154	0.4703681765150975	0.8408624216516405
20	0.5088729358429291	0.7594969196730815	0.4441762466205464	0.8593429144647822
21	0.48322966107352805	0.7823408627901723	0.4152003929967508	0.8726899369296597
22	0.4622496580685923	0.7962012321552456	0.38807503104944246	0.8798767952458815
23	0.4361102920660493	0.8205852159729239	0.35979479386086827	0.8911704297428014
24	0.4083104451211816	0.8326488705141588	0.330761518199341	0.9045174522076789
25	0.38296672903781553	0.8542094452180412	0.30153281592000925	0.9137577008172961
26	0.3657272814847605	0.8575462014768158	0.2759536355427893	0.922997947223867
27	0.34365249273713366	0.8670431210275059	0.25883845688136453	0.9322381936304378
28	0.3285166679344138	0.8726899383983573	0.2331237433137835	0.9373716638563105
29	0.3097526062685361	0.8829568786053197	0.21418620416515907	0.9466119101404898
30	0.2956128438640179	0.8868069813971157	0.20114369773032484	0.9455852159729239
31	0.28517360253990065	0.8988706364279165	0.18717352039270577	0.9527720742891457
32	0.269243795493545	0.9063141686226064	0.1771110381923417	0.958932236234755
33	0.25874626434559206	0.9081108832016618	0.16795748756773907	0.958932236234755
34	0.2533987348696534	0.9188911703088201	0.1597597423091806	0.9620123206957165
35	0.23638136302421225	0.9219712524443436	0.14968466896418428	0.9599589302799295
36	0.24358814590643074	0.914014373594241	0.1457903504188056	0.9620123183702786
37	0.22709876305023993	0.924537987312497	0.1409864681763326	0.9620123206957165
38	0.2254333955061754	0.9271047225478248	0.13803284130302054	0.963039014740891
39	0.2099734133212718	0.9299281311720549	0.13394859647359203	0.9620123206957165
40	0.21389077435528717	0.9304414781946421	0.13177231055143188	0.9620123206957165
41	0.2212656626527559	0.9309548257067952	0.12813552488903734	0.9650924003834107
42	0.20536861472306064	0.9363449689543957	0.12438511257910875	0.9650924003834107
43	0.2061965750717774	0.9345482546201233	0.12730570887148504	0.9620123206957165
44	0.20189492340205387	0.9373716634891361	0.12392915653741825	0.9640657063382362
45	0.19568380064788052	0.9376283365108639	0.12139452219743749	0.9640657063382362
46	0.1856030467476933	0.9396817246012129	0.12006395351470618	0.9650924003834107
47	0.19508581720216073	0.9383983570447448	0.1202951267331043	0.9640657087860656
48	0.19364042471505288	0.9414784396698342	0.11775835601945678	0.9640657063382362
49	0.17951222764637925	0.9430184803704217	0.11310117644328602	0.9630390122930617
50	0.1847003905496558	0.9368583160993744	0.11010210820353251	0.9722792585772411
51	0.18464505687753768	0.9432751543712812	0.10838029984943186	0.9733059526224156
52	0.1815662945045093	0.9435318275154004	0.11154726502586929	0.9671457907991977
53	0.17535104741795596	0.9443018478044983	0.11116873618268869	0.9671457884737599
54	0.17518868115281178	0.9437885007819111	0.10698081657015078	0.9733059526224156
55	0.17106864844626715	0.9481519504739029	0.10791873209775106	0.9681724825189344
56	0.17290730300135682	0.9471252569182942	0.10664667219719114	0.9722792610250705
57	0.17332018931727144	0.9476386039408815	0.10795091266994358	0.9702258706092834
58	0.1711271861128249	0.9458418887498687	0.10710091022984937	0.9702258729347213
59	0.1658534867195623	0.950462012687503	0.10371537404077498	0.9753593407127646
60	0.16820411833894328	0.9481519510858603	0.10256777090274823	0.9753593407127646
61	0.16573390441141578	0.9496919920312306	0.10646423357835295	0.9702258729347213
62	0.16332313657051728	0.9496919914192732	0.10542568087088254	0.9691991788895468
63	0.15768646052608254	0.9499486656649156	0.1020860209663301	0.973305955070245
64	0.15391843665001084	0.9527720742891457	0.10694568061118742	0.9661190968764146
65	0.15433229417281963	0.95046201244272	0.10518784063736271	0.9681724825189344
66	0.15197409603752396	0.9540554418456139	0.10217540757061275	0.9712525669798959
67	0.1486126568466731	0.9553388092796905	0.09771902863800648	0.9753593430382026
68	0.15758374207930398	0.9517453801215796	0.10320777970784989	0.9702258729347213
69	0.15010950617966465	0.9558521556903204	0.09847601643883962	0.9753593430382026
70	0.15268332188379102	0.9522587265322096	0.10082019773719247	0.9712525669798959
71	0.14421861369384634	0.9535420942110692	0.0990289563362848	0.9722792585772411
72	0.14348763132609382	0.9561088298135715	0.09735344846023426	0.9763860346355477
73	0.1441534343624996	0.9568788503474523	0.10386040133617253	0.9661190968764146
74	0.14599469484612193	0.9553388092796905	0.09788855693056353	0.9743326489930281
75	0.14573838018661162	0.960215606116661	0.0951547766643628	0.9763860346355477
76	0.13739247153488274	0.9597022589716823	0.10105103496041386	0.9702258729347213
77	0.13945629886777983	0.9555954826685927	0.09903873923928831	0.9722792585772411
78	0.132190682529424	0.9599589326053675	0.0988594437863303	0.9722792585772411
79	0.14254331775392107	0.9563655034472566	0.09621674613357814	0.9743326465451987
80	0.13818377048327937	0.9568788501026694	0.09614046055678224	0.9753593405903732
81	0.13890521050845817	0.9571355239811374	0.10045735654277724	0.9733059526224156
82	0.13518567771882248	0.9597022584821164	0.09904052877083451	0.9733059526224156
83	0.1344628389733528	0.957135523858746	0.10149883107115845	0.9702258729347213
84	0.12776084375822078	0.959702258359725	0.09456603443230936	0.9743326465451987
85	0.13009217846564933	0.9579055445150183	0.09795493640204475	0.9722792585772411
86	0.12731613397781855	0.9597022588492908	0.09579539045048935	0.9733059549478534
87	0.12174846241116768	0.9599589326053675	0.09354542134601233	0.9733059525000242
88	0.12639601681633897	0.9604722795055632	0.09758277910568386	0.9722792585772411
89	0.1218862898907867	0.961755646450074	0.10265573447673472	0.9702258729347213
90	0.12230622877024527	0.9625256675959123	0.09617444237950401	0.9722792609026789
91	0.1278327791597809	0.960215606116661	0.09504613814229104	0.9722792609026789
92	0.11881425025159574	0.961755646450074	0.1011227220449849	0.9691991788895468
93	0.1196617589961332	0.9620123206957165	0.10132498128886586	0.9691991788895468
94	0.11729947318470209	0.9674024643104914	0.09646458558172172	0.9722792609026789
95	0.11645849335181395	0.9625256674735209	0.09442109164822028	0.9712525668575044
96	0.11485676314429336	0.964835729197555	0.09435119473775065	0.9712525668575044
97	0.11448729784826478	0.9643223819301848	0.09591783797349283	0.9722792609026789
98	0.11397473039813111	0.9663757703877083	0.10175932816839806	0.970225870486892
99	0.11048826817002384	0.9656057497314359	0.1092495306163598	0.9671457909215891

The optimal condition:
	epoch: 75
	train_acc: 0.960215606116661
	val_acc: 0.976386034636
	using time: 291.728342056
