The number of train datas: 1680
The number of test datas: 420
epoch	train_loss	train_acc	val_loss	val_acc
0	0.7094809180214292	0.5071428571428571	0.7002898403576442	0.46666666836965653
1	0.70968207745325	0.48988095238095236	0.6954159969375246	0.5214285719962347
2	0.7062119523684184	0.5023809523809524	0.6914906955900646	0.5452380958057585
3	0.6985666025252569	0.5029761904761905	0.6883292998586382	0.5500000017029899
4	0.691635917481922	0.531547619047619	0.6860516786575317	0.5714285708609081
5	0.6851834456125895	0.5434523809523809	0.683452840646108	0.5761904750551496
6	0.6821517143930708	0.5684523809523809	0.6808176824024745	0.5666666678019933
7	0.6796470534233819	0.5708333333333333	0.6777232414200193	0.5904761927468436
8	0.6750278223128546	0.5845238095238096	0.6745138616788955	0.6000000022706531
9	0.6768951132183983	0.5744047619047619	0.6704768652007693	0.6333333344686599
10	0.6709240862301418	0.5910714285714286	0.6671828031539917	0.6428571439924694
11	0.6656976007279896	0.6047619047619047	0.664018219993228	0.6404761927468436
12	0.6566607963471186	0.631547619047619	0.6601125512804303	0.642857145127796
13	0.6618095585278102	0.606547619047619	0.6558522116570246	0.6690476213182722
14	0.6544345742180234	0.6190476190476191	0.6512748911267235	0.673809526080177
15	0.6459321794055757	0.6571428571428571	0.6463746479579381	0.6642857125827244
16	0.6415846779232933	0.6494047619047619	0.6379808709734962	0.6952380975087483
17	0.6335213417098635	0.6642857142857143	0.6313783952168056	0.692857141154153
18	0.6296707465535119	0.6547619047619048	0.625326272987184	0.692857141154153
19	0.6191832678658622	0.6726190476190477	0.6168332883289882	0.7023809546516055
20	0.6101327986944289	0.6857142857142857	0.6083672761917114	0.7166666689373198
21	0.6011359691619873	0.6803571428571429	0.6037487081118993	0.6976190481867109
22	0.5916466491562979	0.705952380952381	0.5965039730072021	0.7119047636077518
23	0.5791954926082066	0.7238095238095238	0.5848283569018046	0.7095238117944627
24	0.5761841263089861	0.7136904761904762	0.5791378923824855	0.7166666672343299
25	0.5635946818760463	0.725	0.5737131595611572	0.7190476196152823
26	0.547619662966047	0.7428571428571429	0.5691466822510673	0.7142857148533776
27	0.5410467278389703	0.7404761904761905	0.5587699716999417	0.7261904767581395
28	0.5371863813627333	0.7571428571428571	0.5568105337165651	0.7142857148533776
29	0.5287312093235198	0.7607142857142857	0.547336368901389	0.7285714268684387
30	0.5164726438976469	0.7517857142857143	0.5466832978384836	0.7214285708609082
31	0.5169239881492796	0.7571428571428571	0.5380342668011076	0.7285714268684387
32	0.5127470022156125	0.7642857142857142	0.5444160648754665	0.7214285719962347
33	0.5027081699598404	0.7625	0.5360463184969766	0.7142857125827244
34	0.495696496963501	0.7708333333333334	0.5336232963062468	0.7119047602017721
35	0.4878748581522987	0.775	0.5335770561581566	0.7142857125827244
36	0.4815094289325532	0.7779761904761905	0.5349460777782259	0.7214285697255816
37	0.4787637948989868	0.7857142857142857	0.5347309231758117	0.7238095221065339
38	0.4938018242518107	0.7714285714285715	0.529937519062133	0.7261904744874863
39	0.4826774177097139	0.768452380952381	0.5323754248164949	0.7190476173446292
40	0.4605746669428689	0.7970238095238096	0.5294120552993956	0.7238095221065339
41	0.4505811586266472	0.8	0.5223120099022275	0.7285714268684387
42	0.457699103582473	0.7964285714285714	0.5330248932043712	0.7285714280037653
43	0.46290202481406073	0.7863095238095238	0.5217005431652069	0.7285714268684387
44	0.4615363739785694	0.7857142857142857	0.5431757662977491	0.7238095255125137
45	0.4596098820368449	0.7934523809523809	0.5146604958034697	0.7285714268684387
46	0.4440824275925046	0.8005952380952381	0.545336404584703	0.726190477893466
47	0.4491120471840813	0.7976190476190477	0.5182736884979975	0.7309523803847177
48	0.44565546399071104	0.7982142857142858	0.5114511617592403	0.742857141154153
49	0.4383866406622387	0.8107142857142857	0.5311431010564168	0.7309523803847177
50	0.42870147285007293	0.8125	0.5172856098129636	0.7309523803847177
51	0.4312314981505984	0.8178571428571428	0.5278936618850345	0.7380952375275748
52	0.4307689042318435	0.8154761904761905	0.5149946357522692	0.7428571422894795
53	0.421912563982464	0.8172619047619047	0.5230042732897259	0.7404761899085271
54	0.4198572561854408	0.8130952380952381	0.5174495069753556	0.745238094670432
55	0.4036693811416626	0.825595238095238	0.5227546916121528	0.7404761899085271
56	0.411990548599334	0.8244047619047619	0.5109779993693034	0.7428571422894795
57	0.4159868705840338	0.8160714285714286	0.5175240124974932	0.7476190470513844
58	0.4058791694186983	0.8202380952380952	0.5239213588691893	0.7404761899085271
59	0.40086843343008133	0.8339285714285715	0.519883032923653	0.7404761899085271
60	0.4005359275000436	0.8351190476190476	0.5073034277984074	0.7499999994323368
61	0.39599991185324535	0.8273809523809523	0.5125588621412005	0.7547619041942415
62	0.3717911652156285	0.8494047619047619	0.5231166345732553	0.7404761899085271
63	0.396934441725413	0.8244047619047619	0.5193178943225316	0.745238094670432
64	0.37960402227583384	0.8345238095238096	0.5405203998088837	0.7428571422894795
65	0.3832478636787051	0.8380952380952381	0.5098059960774013	0.7523809518132891
66	0.3769443103245326	0.843452380952381	0.5144607393514542	0.745238094670432
67	0.3677724384126209	0.8422619047619048	0.5012253948620388	0.7571428565751939
68	0.3696764696212042	0.8375	0.5170911649862925	0.7476190470513844
69	0.36488254637945267	0.8452380952380952	0.5137341910884494	0.7499999994323368
70	0.36342333044324604	0.8505952380952381	0.5077207781019665	0.7476190470513844
71	0.36525185874530247	0.8482142857142857	0.5310026705265045	0.7428571422894795
72	0.36199741193226403	0.8488095238095238	0.5151257560366675	0.7547619041942415
73	0.35610074202219644	0.8452380952380952	0.5173802038033803	0.7523809518132891
74	0.358791914156505	0.8511904761904762	0.5251078696477981	0.7476190470513844
75	0.3477010795048305	0.8595238095238096	0.4928153128851028	0.7547619041942415
76	0.3321599528903053	0.8660714285714286	0.4988446056842804	0.7547619041942415
77	0.3459067702293396	0.8505952380952381	0.5668050047897157	0.7404761921791804
78	0.33711633057821366	0.8535714285714285	0.5088363105342502	0.7595238089561462
79	0.33140969418344046	0.8601190476190477	0.5109484837168738	0.7547619041942415
80	0.3359160357997531	0.8583333333333333	0.5074372484570457	0.7571428565751939
81	0.3301925091516404	0.8738095238095238	0.5393543584006173	0.7499999994323368
82	0.32637957022303626	0.8625	0.48429156655357	0.7547619041942415
83	0.32151514774277096	0.8678571428571429	0.5446967950889042	0.7500000005676632
84	0.31749260368801296	0.8732142857142857	0.5064529566537767	0.7571428565751939
85	0.31941302290984563	0.8738095238095238	0.511855570759092	0.7523809518132891
86	0.3170095307486398	0.8744047619047619	0.491941427616846	0.7571428565751939
87	0.305634248540515	0.8755952380952381	0.5394633205164047	0.7523809529486156
88	0.30841123234658013	0.8773809523809524	0.5151367088158926	0.7547619041942415
89	0.3163910434359596	0.8720238095238095	0.48524293076424374	0.7690476184799557
90	0.29676679997217087	0.875	0.5142686571393694	0.7547619041942415
91	0.2874165977750506	0.888095238095238	0.5020182189487276	0.7571428565751939
92	0.30177165284043267	0.8845238095238095	0.5013504156044551	0.764285713718051
93	0.287436664672125	0.8857142857142857	0.530148316565014	0.7571428565751939
94	0.29256357210023065	0.8779761904761905	0.5083325204395113	0.7619047613370986
95	0.2898327915441422	0.8839285714285714	0.5025437184742518	0.7714285708609081
96	0.2846253331928026	0.881547619047619	0.520741472641627	0.7595238089561462
97	0.2785111086709159	0.881547619047619	0.49792522277150836	0.7666666660990034
98	0.27927010967617943	0.8910714285714286	0.5282998541990916	0.7619047624724252
99	0.2740695073491051	0.8916666666666667	0.51757548167592	0.7619047613370986

The optimal condition:
	epoch: 95
	train_acc: 0.8839285714285714
	val_acc: 0.771428570861
	using time: 182.47240901
