The number of train datas: 4918
The number of test datas: 1230
epoch	train_loss	train_acc	val_loss	val_acc
0	0.6939753139586214	0.537210248165278	0.6716377798134718	0.6170731717008885
1	0.6703927060024871	0.5955673035881102	0.6479467822284233	0.6951219503472491
2	0.6407884470133726	0.6461976414145664	0.6141751438621583	0.7260162591934204
3	0.5974285009431859	0.7141114275549524	0.5695564493900392	0.7577235760727549
4	0.5549206260550842	0.7358682393882273	0.5223951501574943	0.7674796735368123
5	0.513042546714792	0.7618950791550924	0.48406697346912164	0.7764227628707886
6	0.47642351963889457	0.7818218791276375	0.448273372262474	0.8032520332956702
7	0.4487422508963631	0.7925986171544398	0.42207144532746416	0.8048780476174704
8	0.4134836473470783	0.818828792385863	0.3948713161111847	0.8276422752597468
9	0.3906900290431604	0.8308255391520376	0.37192435182207	0.847154470381698
10	0.3617007909096465	0.8515656768863595	0.3420382346564192	0.8577235760727548
11	0.3373041156590009	0.8625457506201141	0.31577612704377833	0.8674796734398943
12	0.30937028596584465	0.8786091905097837	0.29139669329170287	0.8878048766919268
13	0.2951766434191882	0.8869459127545987	0.26789316074634956	0.8975609741559842
14	0.27307434463680347	0.900772672060206	0.2478099387835681	0.9065040635868786
15	0.2579492849879945	0.9032126878664328	0.23052201077220885	0.9219512198998676
16	0.23503606034129942	0.9204961364227565	0.21386759034017236	0.9219512179615051
17	0.22938305623117333	0.9217161447258198	0.1997928482487919	0.9276422748720743
18	0.211121863983617	0.9320862141020078	0.1870002067185999	0.9325203236525621
19	0.20251751602326237	0.9333062217506076	0.17648144841678742	0.942276423054982
20	0.19688001608960073	0.9343228953162942	0.16813863653962205	0.9398373967263757
21	0.18077920443306808	0.9408296057730974	0.15879871765287912	0.9430894292467009
22	0.17305047167733997	0.9465229769410424	0.15342036466288372	0.9455284536369448
23	0.1726948435820909	0.94448963017326	0.146765351925439	0.9544715430678391
24	0.17051292608949217	0.9459129728743486	0.14320642916652246	0.9552845531362828
25	0.15967937002292537	0.950183001462402	0.13770649576090216	0.9593495937866893
26	0.15864748363210787	0.9526230177291771	0.13406791541634536	0.958536585656608
27	0.1536550767425843	0.953436356242375	0.129666465302793	0.9609756081084895
28	0.1549733403362652	0.9530296865737065	0.1271368161934178	0.9601626019167706
29	0.15287586398219713	0.9558763722182775	0.12364770290328235	0.9650406506972584
30	0.14649658777113608	0.9575030502627273	0.1209657477169502	0.9609756081084895
31	0.1400050382217337	0.9589263929638159	0.11998116027533523	0.9650406506972584
32	0.13730940217892296	0.9579097196405232	0.11553931638477294	0.9609756099499338
33	0.13489510001703314	0.9644164295640598	0.11446146104878527	0.9674796750875023
34	0.1327453544950427	0.9623830827962775	0.11012926390015983	0.9691056913476649
35	0.13133797138602135	0.9625864173639785	0.10815171684191478	0.9674796730522218
36	0.12735601651833375	0.9646197643741548	0.10568927228450775	0.9699186975393838
37	0.12521819925468208	0.9646197643741548	0.10479571887148105	0.9699186974424657
38	0.1199552714764078	0.9646197638408883	0.10228974470278111	0.9715447156409908
39	0.12688693164833778	0.9627897516408069	0.10139784180536503	0.972357723771072
40	0.11888167508713061	0.9652297679075821	0.10352940639344657	0.9715447157379088
41	0.1181803278718939	0.9662464417641412	0.09878699370031434	0.9707317056694651
42	0.11975751732843055	0.9662464416429443	0.09932166883131353	0.9707317076078276
43	0.11203488458179758	0.9674664497763319	0.09550654359949313	0.9715447156409908
44	0.11253264226434483	0.9674664500187257	0.09383816566409134	0.9731707319011533
45	0.11183550164267124	0.966856445830835	0.09272517695174953	0.9739837400312347
46	0.10576362557021425	0.9703131351300301	0.09233883899159548	0.9723577218327096
47	0.10911290304551235	0.9690931274087121	0.0901402044587019	0.9739837400312347
48	0.10756603331161543	0.9688897927198142	0.08991443718351969	0.9747967463198716
49	0.1057370725705547	0.9713298085745198	0.08886279941089754	0.9756097544499529
50	0.10355926105383695	0.9709231393179208	0.08911160928447072	0.9756097544499529
51	0.10252727186985257	0.9715331433846147	0.08508615806335357	0.9772357706131974
52	0.10119897585578835	0.9713298089865894	0.0844707085834286	0.9780487787432787
53	0.1018656550619892	0.9697031310633364	0.08549771531810606	0.9772357725515598
54	0.09991207440702253	0.9737698253745614	0.08393153470706165	0.9788617888117225
55	0.09636263125744618	0.9733631559967655	0.08233233547307611	0.9780487806816411
56	0.0945000047119423	0.972143147863378	0.08381176472194796	0.9772357725515598
57	0.0976237764126792	0.9745831641301531	0.08148960064097148	0.9772357725515598
58	0.09351357868552547	0.974989833507949	0.08384305592474899	0.9764227625800342
59	0.09154123752769923	0.9733631557543717	0.08153569557802463	0.9772357725515598
60	0.0934485806505968	0.9729564866189697	0.0845454976568377	0.9764227625800342
61	0.09020765396929602	0.9743798293200583	0.0782979942918793	0.9772357725515598
62	0.08909253618517461	0.9739731599422624	0.08079831769795921	0.9772357707101155
63	0.08592247186230906	0.9753965027645479	0.0796937835894949	0.9772357707101155
64	0.09078911437845026	0.9733631557543717	0.07763049122763843	0.9780487806816411
65	0.08540912120685969	0.9758031722635406	0.0767027989151032	0.9780487806816411
66	0.08202729530514329	0.9755998370413763	0.0739075380975638	0.9772357725515598
67	0.0801830748993723	0.9776331839303556	0.07725421808114866	0.9780487806816411
68	0.0805290207878852	0.9790565272859074	0.07362593448743587	0.9772357725515598
69	0.08281531852858248	0.974786498697854	0.07094652225089267	0.980487805071885
70	0.08051362602421185	0.9762098413989426	0.07351959059393502	0.9780487806816411
71	0.07972088095290043	0.9772265150858261	0.07175443283910674	0.9780487806816411
72	0.0781398370116646	0.9766165106070628	0.07505411585656609	0.9780487806816411
73	0.07778075537157646	0.9772265148434323	0.07336355564070911	0.9780487806816411
74	0.07671427316494035	0.9798698659203022	0.07303021043781342	0.9780487806816411
75	0.07592018618391946	0.9786498577869147	0.06995811090479052	0.980487805071885
76	0.07195363638240082	0.9798698659203022	0.06743981333040609	0.9821138193936851
77	0.07440034660346724	0.9790565272859074	0.06893536477554135	0.9813008132019663
78	0.07245005175756118	0.9790565270435136	0.07308364624414987	0.9772357707101155
79	0.07353772827238148	0.977836518910126	0.07139580152868255	0.9796747969418037
80	0.07237472455916777	0.977836518910126	0.06693399515820712	0.9821138193936851
81	0.06894570619970766	0.9798698655082327	0.0705425126281211	0.980487805071885
82	0.06915945941510361	0.9798698657991053	0.06947164986191726	0.980487805071885
83	0.07114632062586695	0.9784465230980167	0.07024539633979643	0.980487805071885
84	0.07023127183875644	0.9802765351769012	0.06788227357030883	0.980487805071885
85	0.06772289933858726	0.9802765352980981	0.06724501660441964	0.9813008132019663
86	0.06875527076856447	0.9804798698657992	0.07649527633093237	0.9756097544499529
87	0.066681156656809	0.9812932088637847	0.06665555199956506	0.980487805071885
88	0.06728474229828717	0.9794631965425064	0.06893915449216113	0.980487805071885
89	0.06293433930402173	0.9841398943871587	0.06610762278238932	0.9829268275237665
90	0.061961015777290476	0.9816998779991867	0.06493462118191448	0.9829268275237665
91	0.06278778684044112	0.9808865392435949	0.06697884374033145	0.9813008132019663
92	0.060943368323913866	0.9812932086213908	0.06742311505282797	0.9813008132019663
93	0.05785773150454684	0.9839365595770638	0.06428396882322746	0.9837398356538478
94	0.06236257280165124	0.9814965431406131	0.06818291464956795	0.9796747969418037
95	0.060308888094024765	0.9829198862537711	0.07424926440405652	0.9756097544499529
96	0.062311987986090514	0.9812932087425877	0.06274024564318541	0.9837398356538478
97	0.05779110578855711	0.9845465636437576	0.06296476026376088	0.9837398356538478
98	0.05824792821713219	0.9827165514436763	0.06221510935120466	0.9837398356538478
99	0.05650034456711903	0.9825132167547783	0.0684675901643629	0.9780487788401968

The optimal condition:
	epoch: 98
	train_acc: 0.9827165514436763
	val_acc: 0.983739835654
	using time: 322.954262018
