The number of train datas: 3192
The number of test datas: 798
epoch	train_loss	train_acc	val_loss	val_acc
0	0.7357389209862042	0.4968671674716443	0.6989747877407791	0.48997493747407034
1	0.7074410840682218	0.515037593238037	0.6875895735315213	0.5639097744360902
2	0.6904613111252175	0.5332080193031999	0.6804923167204797	0.59398496225663
3	0.6814005067175194	0.5667293222625751	0.6751643168298822	0.6253132829092499
4	0.6744084419463212	0.5805137841623828	0.6683534382279953	0.6516290734286296
5	0.6724373205263812	0.5848997484771231	0.6624343328009871	0.6766917302196187
6	0.6506247701202718	0.6406641596540771	0.6518073891637319	0.6967418541884363
7	0.6482619649186768	0.6412907272651979	0.6407194963672704	0.7092731837043189
8	0.638392394497281	0.6544486223008101	0.6293616329219407	0.7192982451658798
9	0.6275451939207569	0.6679197999469021	0.6148977524654609	0.7192982451658798
10	0.614189350664765	0.674185463808533	0.5989741889157689	0.7343358391508422
11	0.5954731015633222	0.6973684216501719	0.5814387943212849	0.7506265658184998
12	0.5842909092891186	0.7048872190908083	0.5644425522713434	0.758145362810981
13	0.555844419432762	0.7349624052681122	0.5451345337662183	0.7681704254676226
14	0.5460615742176697	0.7409147872661886	0.5276681803222886	0.7744360896280236
15	0.516886373809107	0.760651629670222	0.508635239344193	0.7781954881242642
16	0.5040284187572642	0.7694235596441685	0.49179675375907345	0.783208019452585
17	0.4778719981362049	0.7901002497302559	0.4743073666304873	0.7957393477733871
18	0.4590075215450803	0.7985588982888033	0.45850705756878196	0.7969924806054672
19	0.45007052188529106	0.8032581449152533	0.44276879940714153	0.8070175432621088
20	0.4336349958166443	0.8145363415990557	0.42620571551466346	0.8195488715829108
21	0.40447921845548435	0.8283208027519379	0.41044622458013374	0.8182957397965261
22	0.3895363113784551	0.8436716794967651	0.3912014504871273	0.8270676696210876
23	0.37556057765071554	0.8477443598565602	0.37148007265009675	0.8583959904230926
24	0.35684553281705184	0.8536967411077112	0.35316868339266094	0.8696741859118143
25	0.33833868065872286	0.8740601503759399	0.3341421363945294	0.877192981709215
26	0.3245592863488018	0.8712406012049893	0.31547356286742034	0.8947368413583378
27	0.3060352995730283	0.8878446104831266	0.2974343408916827	0.9035087722285947
28	0.28781775297377643	0.895363407923763	0.28230843933901395	0.9047619050606749
29	0.2735994910835323	0.8994360896280236	0.26351228707416313	0.9160401005493967
30	0.24674338953835623	0.915726818088302	0.2488921956908434	0.9197994978505567
31	0.23678857887299137	0.9248120297764179	0.2340776923306305	0.9310776934886636
32	0.22839846874687605	0.9201127824030424	0.21969114359757655	0.9298245605071983
33	0.20696287402383665	0.9389097736891648	0.20664430882100174	0.9385964903317597
34	0.20210938820414676	0.9323308269182841	0.19477218609854094	0.9461152873242409
35	0.18953953429421685	0.9385964913774553	0.1853196769952774	0.9511278186525617
36	0.1861422734899927	0.944548871732296	0.1786722607331766	0.9523809525303375
37	0.17836843853008777	0.9401629071187854	0.17503318168166884	0.9548872181944978
38	0.17185774396983602	0.950501252983447	0.16212274627129836	0.9523809525303375
39	0.15948126784392766	0.9470551381433817	0.1551559216023089	0.9548872171488023
40	0.15330200890700021	0.9567669165463077	0.14935364994339476	0.9548872183438829
41	0.14720151059908376	0.9580200507228536	0.14266177664573929	0.9586466168401235
42	0.1420865632911075	0.9608395998938042	0.13741067048152886	0.9624060141412836
43	0.13786702888800687	0.9624060139918985	0.13314652723029144	0.9661654136832196
44	0.1324449573879254	0.9642857151820248	0.12822693914996652	0.9674185465152999
45	0.11977080776727289	0.9658521298776593	0.12520940146201237	0.9661654126375241
46	0.12213200663116044	0.9689849616590896	0.12113097500532194	0.9686716793473801
47	0.12055450778706629	0.9671052627097395	0.11884805257607223	0.9674185465152999
48	0.11701123483647081	0.9680451136782653	0.11639236070607838	0.9686716793473801
49	0.11692915683178078	0.9692982465103456	0.1153159828338408	0.9674185454696044
50	0.10774820247539003	0.9705513779979601	0.11259789522130388	0.9674185454696044
51	0.1057335723723684	0.9702380955368654	0.11026404891396525	0.9686716783016845
52	0.10263914146220177	0.9711779438164598	0.10820564911479041	0.9724310778436207
53	0.10124934838155757	0.972744361798566	0.10650580169114851	0.9674185454696044
54	0.09838259657074634	0.9730576450065861	0.10412516805312987	0.9711779439658449
55	0.09426514688589818	0.9752506258194906	0.10230801159277894	0.9736842106757009
56	0.09549660450384431	0.9765037583528007	0.10160496252073083	0.9686716783016845
57	0.08743700004161749	0.9774436096200967	0.09982624328823615	0.9711779439658449
58	0.09286087523576311	0.9749373442547065	0.09969311093626763	0.9686716783016845
59	0.09362911487133581	0.9733709282146061	0.09868337912368297	0.9736842096300053
60	0.08575978189856187	0.9774436099188668	0.09808925331983351	0.9711779439658449
61	0.08195925853156805	0.9796365904330012	0.09671805567460551	0.9736842096300053
62	0.08912451079764162	0.9771303247688408	0.09749803103898701	0.9711779439658449
63	0.08084899683793385	0.9802631571478114	0.09610254898256526	0.9699248111337647
64	0.07654937782457896	0.979636592076237	0.09602711840829156	0.9711779439658449
65	0.07954408381517071	0.977443608275631	0.10783369357424571	0.9711779439658449
66	0.07860833413917619	0.9768170435028267	0.09792904529655189	0.9711779439658449
67	0.0747562464802785	0.9786967427509471	0.09427736217814281	0.9724310767979252
68	0.07677429488727025	0.9808897252070874	0.09258902588285002	0.9699248111337647
69	0.0759259406710627	0.9783834584972315	0.0938634274896225	0.9724310767979252
70	0.07139305770397186	0.9824561396039518	0.09104767912312557	0.9711779439658449
71	0.07252773435268187	0.9805764411027569	0.09048583761865932	0.9761904751447806
72	0.06829331658388439	0.9830827070656875	0.09319080539365161	0.9736842096300053
73	0.06492857547257479	0.9824561393051817	0.09217652697162819	0.9736842096300053
74	0.07166154228879097	0.9805764419990673	0.09163418389800795	0.9736842096300053
75	0.06439050091874032	0.9843358395989975	0.09294984823928441	0.9736842096300053
76	0.06417347386217954	0.9837092721372619	0.09475275780772206	0.9736842096300053
77	0.06483545822831324	0.9846491231057877	0.09055126650739732	0.9724310767979252
78	0.06450324513036805	0.9843358398977676	0.0894721080560732	0.9724310767979252
79	0.061810912886508425	0.9855889724310777	0.08957056764671976	0.9724310767979252
80	0.05652754533485064	0.9833959908712477	0.08852979383970562	0.9724310767979252
81	0.05693560957273744	0.9855889727298478	0.09037935924261137	0.9724310767979252
82	0.0594022786968334	0.9843358401965377	0.08852583601286537	0.9761904751447806
83	0.05795905872115067	0.9846491231057877	0.08863690185516998	0.9724310767979252
84	0.06015348615577645	0.9830827067669173	0.09003878584631105	0.9711779439658449
85	0.05803249969630313	0.9849624063138077	0.0893207522935437	0.9724310767979252
86	0.05624678949440332	0.9846491234045578	0.08842521030129048	0.974937343507781
87	0.05440244432492065	0.9843358398977676	0.09001690657216505	0.9711779439658449
88	0.05523510678276831	0.9849624060150376	0.08902347920681898	0.9724310767979252
89	0.05316443868298877	0.9862155381001925	0.08809131522077068	0.9724310767979252
90	0.050450089721377926	0.9833959908712477	0.0875588415148563	0.9724310767979252
91	0.04904227804644663	0.9880952389915485	0.0883982564348326	0.9724310767979252
92	0.052513308234904944	0.9855889724310777	0.08874195603126273	0.9761904763398612
93	0.05217473190231132	0.9871553887699481	0.08898312604068813	0.9724310767979252
94	0.05215706654770631	0.9859022565354082	0.08816770109392348	0.9724310767979252
95	0.0469988522710358	0.9862155394446581	0.08855745483908736	0.9724310767979252
96	0.04960836175091583	0.9868421048150027	0.09646343639619966	0.9711779451609256
97	0.04700479434247602	0.9877819554847583	0.08766251034978637	0.9761904763398612
98	0.04604345617960569	0.9880952383940083	0.0886429326426714	0.9724310767979252
99	0.04691264867073014	0.9846491231057877	0.08888307019582667	0.9724310767979252

The optimal condition:
	epoch: 97
	train_acc: 0.9877819554847583
	val_acc: 0.97619047634
	using time: 286.011195898
