The number of train datas: 9768
The number of test datas: 2444
epoch	train_loss	train_acc	val_loss	val_acc
0	0.7001529596654438	0.5140253889277565	0.684082596957586	0.56996726687333
1	0.6876551234556162	0.5453521703033541	0.6767720918608571	0.6227495909322498
2	0.6808208981856863	0.558456183358551	0.6683176792975143	0.6632569559077
3	0.6728640906543247	0.5822072072072072	0.6557993989334169	0.701309329066456
4	0.6610319576821886	0.6084152334640497	0.6409145664856594	0.7360883798029536
5	0.64804717505398	0.6364660115148277	0.6196825701359251	0.762684124386252
6	0.6249041724751759	0.6736281736281736	0.5889893484388747	0.8085106382003198
7	0.5958163512719644	0.7055692056668381	0.5448613698470807	0.8432896890343698
8	0.5479309169802873	0.7572686322686323	0.4815177339969017	0.880114566284779
9	0.4843663239605987	0.802006552006552	0.4035756084122947	0.9079378068739771
10	0.40625025216035426	0.8508394759371083	0.31927254457032817	0.9345335515548282
11	0.32753896027388485	0.8933251433739596	0.2506451356162221	0.9521276595744681
12	0.2697012789370484	0.9163595413107251	0.2060867444583125	0.9554009819967266
13	0.21464408330015233	0.9382678131701807	0.18041177917082846	0.9611292962356792
14	0.18304022372891726	0.9502457002945165	0.169239593005195	0.9648117839607201
15	0.1650412621603551	0.9558763307786984	0.15564771596214289	0.9623567921440261
16	0.1457906929344354	0.9633497133497133	0.15420626063485143	0.9676759410801964
17	0.13638699404974633	0.9668304669280994	0.15268858813005462	0.9689034369885434
18	0.1252075341834483	0.969492219589852	0.14986564704931896	0.9701309328968903
19	0.11578155018505164	0.9726658477634802	0.1537427481487942	0.9701309328968903
20	0.11366383121162042	0.9723587224563549	0.15084906660078273	0.970949263502455
21	0.1060776725399211	0.9763513513025351	0.14582930131146224	0.9701309328968903
22	0.10738694254708622	0.9754299755276079	0.1485009973559303	0.9717675941080196
23	0.10438216656422049	0.9759418509906672	0.14720671037638808	0.9713584288052373
24	0.09985562246735227	0.9772727272727273	0.14877562315710827	0.9725859247135843
25	0.09564067603963794	0.9782964782476621	0.14328258339416253	0.970949263502455
26	0.09441796637443028	0.9794226044226044	0.14751507844295775	0.9725859247135843
27	0.09473601171867366	0.980036855036855	0.1484253956443202	0.9725859247135843
28	0.092624821702444	0.9796273545785383	0.14261295330602486	0.9717675941080196
29	0.09330726471667794	0.9809582310558634	0.14324818787876814	0.972176759410802
30	0.0871103730702576	0.9817772317284156	0.14470243776207958	0.972176759410802
31	0.09144983510810951	0.9803439804416129	0.14254345478179045	0.972176759410802
32	0.08699695656135568	0.9823914823914824	0.14107401312043838	0.9717675941080196
33	0.08246210288869661	0.9820843571819896	0.14164712154436032	0.972176759410802
34	0.08288387152428123	0.9823914823914824	0.14212221088293336	0.9729950900163666
35	0.08132540886759465	0.9825962325474163	0.14203777264250342	0.9725859247135843
36	0.08093706588279899	0.9822891072891073	0.14044125862770185	0.9725859247135843
37	0.08440490479502494	0.9825962326938651	0.13813598266590857	0.9725859247135843
38	0.07778911796885861	0.9835176085176085	0.14208429019232074	0.973404255319149
39	0.07955154362245234	0.9847461097461098	0.1385870607418912	0.9738134206219312
40	0.07799431527251596	0.9841318592294916	0.13837894154163824	0.973404255319149
41	0.07619435418272097	0.9842342342342343	0.13703545757055696	0.973404255319149
42	0.07495277190396378	0.9836199836199836	0.13981823834366547	0.973404255319149
43	0.07349425206459712	0.9843366094342418	0.1393660392506283	0.9738134206219312
44	0.07625051406437164	0.9834152334152334	0.13996933069409354	0.9729950900163666
45	0.07264959116685253	0.9834152334152334	0.13680018315780695	0.9738134206219312
46	0.07143041552223699	0.9849508599020437	0.13512916144657325	0.973404255319149
47	0.07332844828407263	0.9838247338735501	0.13880331993237163	0.9729950900163666
48	0.07427742144735157	0.9852579852579852	0.135544217041497	0.9742225859247136
49	0.07213416662643816	0.9858722358722358	0.1382138316775634	0.9725859247135843
50	0.06906582956354117	0.9850532351020513	0.13533879245315875	0.973404255319149
51	0.07058611316919132	0.9847461096484772	0.13415294297042557	0.9742225859247136
52	0.06748209929095245	0.9841318592294916	0.1373051697267875	0.9729950900163666
53	0.07150674123930258	0.9852579852579852	0.13466692488463733	0.973404255319149
54	0.06920989893871092	0.9854627354139192	0.1363709191197252	0.9725859247135843
55	0.06773020471404265	0.9857698608674933	0.1392959827708108	0.970949263502455
56	0.06770790502563254	0.986486486584119	0.13408309365081586	0.9742225859247136
57	0.06553429087210541	0.9855651105651105	0.13574944236491077	0.9725859247135843
58	0.06629220175386745	0.9856674856674856	0.1335600157178414	0.973404255319149
59	0.0641177339436613	0.9868959868959869	0.132424088163719	0.9729950900163666
60	0.06531080955991873	0.9874078624078624	0.13123342296666482	0.973404255319149
61	0.06331497334999495	0.9860769861746186	0.13974695905521756	0.970949263502455
62	0.06253998753302757	0.9865888615888616	0.13516271464624205	0.9729950900163666
63	0.06174036534922617	0.9874078624078624	0.13334090013892289	0.973404255319149
64	0.0620284620992821	0.9858722358722358	0.13140456632020503	0.973404255319149
65	0.06416667573135666	0.986998361998362	0.1318700905415228	0.9729950900163666
66	0.06208772968308639	0.9863841114817439	0.13282601215530632	0.973404255319149
67	0.06334801926372922	0.9867936117936118	0.1326741284611536	0.972176759410802
68	0.06010099664867461	0.9867936117936118	0.13309800203923142	0.9725859247135843
69	0.06173789636655287	0.9868959869936194	0.13393499633852154	0.9717675941080196
70	0.06159256486547081	0.9869983620959945	0.1323911067191359	0.9725859247135843
71	0.06057045739494954	0.9867936117936118	0.13226391260974024	0.9729950900163666
72	0.05657304689001344	0.9878173628173628	0.13275968043115324	0.9729950900163666
73	0.05659919280946304	0.98751023760787	0.13223090356005487	0.9729950900163666
74	0.05879688006959227	0.9868959868959869	0.1341291926221986	0.9717675941080196
75	0.05530534668525804	0.987919737919738	0.13215160605142506	0.9729950900163666
76	0.05770949750107444	0.9878173628173628	0.1313561296216997	0.973404255319149
77	0.05448815815400921	0.9880221131197455	0.1328225428255278	0.9725859247135843
78	0.05476225995558583	0.987919737919738	0.13685868983499938	0.9705400981996727
79	0.05452332370453053	0.9869983619495457	0.13228940784720836	0.972176759410802
80	0.05589424682297514	0.9878173628173628	0.13187336068792474	0.972176759410802
81	0.054651242680847645	0.9880221130221131	0.13320799715399328	0.9713584288052373
82	0.054667218171066186	0.9880221131197455	0.1309658588099243	0.973404255319149
83	0.05396419227806688	0.9878173629149953	0.1312196964676966	0.9729950900163666
84	0.053120237681328224	0.9887387387387387	0.13356147252203082	0.970949263502455
85	0.053133818541365896	0.9883292384268708	0.13060425210716706	0.9725859247135843
86	0.05157707665606808	0.9889434889434889	0.13161370539260378	0.9717675941080196
87	0.05424176003893778	0.9887387387387387	0.1308533677277986	0.972176759410802
88	0.05235171779367789	0.9885339884851723	0.1312052932935241	0.972176759410802
89	0.052956175458763195	0.9881244882221206	0.13000981611582266	0.9717675941080196
90	0.05046351538264756	0.9895577395577395	0.1311097050210653	0.9725859247135843
91	0.051284429322803096	0.9887387387387387	0.1334507712848948	0.972176759410802
92	0.051954511647630576	0.9892506143482468	0.13074463602908432	0.9725859247135843
93	0.05065170629598341	0.9884316134316135	0.13023885932511692	0.9717675941080196
94	0.04831288791399672	0.9889434889434889	0.13233334209949826	0.9729950900163666
95	0.04952069254474597	0.9886363636363636	0.13297090305506257	0.9717675941080196
96	0.04769981596969758	0.9894553644065482	0.13308766759922896	0.972176759410802
97	0.04867619897309846	0.9894553644553644	0.1292089435436539	0.973404255319149
98	0.047552915758328984	0.9892506142994305	0.1314307995401201	0.9717675941080196
99	0.045152282462829846	0.9897624897624898	0.13142356439607916	0.9717675941080196

The optimal condition:
	epoch: 56
	train_acc: 0.986486486584119
	val_acc: 0.974222585925
	using time: 743.289707184
