The number of train datas: 14578
The number of test datas: 3646
epoch	train_loss	train_acc	val_loss	val_acc
0	0.6971975710922217	0.5146796540445974	0.6874637015233377	0.5471749859593821
1	0.6894150800478607	0.5339552750802037	0.6829789130163271	0.5773450360805598
2	0.6853207349123034	0.5495266839299677	0.6772212705897291	0.6119034560054982
3	0.6749923778898449	0.5754561668267252	0.6655621690797204	0.6431705979809157
4	0.6666045930016301	0.6020030183693332	0.6518220603629513	0.6881513986297185
5	0.6515565784498569	0.6270407461910716	0.6324256937123234	0.7076247940989425
6	0.6325365186211895	0.6531074221838419	0.5992477258940156	0.7589138778630548
7	0.6011647362901377	0.6912470844845531	0.5516146213813463	0.7967635768491752
8	0.5524926015682746	0.7376869256350218	0.48850415154139026	0.8296763576849175
9	0.5025515481635431	0.7750720261856924	0.4216408593865194	0.8664289627896516
10	0.44597513239592057	0.8097132663779796	0.35981653693673116	0.8856280858674941
11	0.392054522625457	0.8405131019834858	0.3116548532028481	0.900713109800074
12	0.3507917058911077	0.8609548634847572	0.27137547337413814	0.912506856862098
13	0.3135126291650659	0.8818082043394857	0.24238353069346485	0.9234777841670004
14	0.2787239420665833	0.8963506654679718	0.21547461019494804	0.9295117935177002
15	0.2571420440426545	0.9046508439661037	0.20108993736453848	0.9330773453299187
16	0.2385666187955349	0.9155576896938968	0.18387174500061534	0.938562808590019
17	0.2175980127508674	0.9254355878966681	0.1693590272767689	0.9440482721116866
18	0.20464535492988162	0.9287968170889809	0.15949992383500736	0.9451453648160201
19	0.18894074066281563	0.9362052407410594	0.15016775617904213	0.9500822819855209
20	0.17909671970929184	0.9391548908988313	0.14391969420216075	0.9544706530317264
21	0.16902863270159627	0.9451913843022107	0.13809131535441418	0.9550191991550218
22	0.15989250042201691	0.9490327890443612	0.13172473359977682	0.9572133840405542
23	0.1553551792630297	0.9510906845032719	0.1285452778914507	0.9588590230970545
24	0.14588909756787308	0.9549320895643387	0.12653970516486543	0.9594075699723558
25	0.14120756168905346	0.9560982302671467	0.12021680242876005	0.9629731207383052
26	0.13642900967519458	0.9587734943637306	0.1184439623071411	0.9651673066374109
27	0.13060316381091067	0.9594594593122673	0.11474805962022555	0.9648930329708888
28	0.12330082777286037	0.9637810400376546	0.1123482279369155	0.9654415793230556
29	0.125680819746643	0.9638496364057596	0.11362380661209305	0.9665386725178278
30	0.12061504579723772	0.9670736726247197	0.1104414272947146	0.968184311574328
31	0.11711413105102637	0.9676910413523436	0.10679290367640837	0.9681843118358953
32	0.11316196985173772	0.9667992867107237	0.1052646645606872	0.9679100383982446
33	0.11176398352334359	0.9697489368112543	0.10550175614867541	0.9692814042786615
34	0.10983062085463915	0.9708464807943317	0.10334784697457225	0.9706527701590785
35	0.10517774524553304	0.9703663055061689	0.10150130356197591	0.9706527701590785
36	0.105664417388868	0.9707778845407097	0.10145394955273847	0.9701042238069116
37	0.1006831376911608	0.9720126215543811	0.10267092400341327	0.9690071313641454
38	0.0969635634175183	0.9735903417823704	0.09788521404367388	0.9736697750959956
39	0.09815807287189136	0.9740705172177253	0.09750377244989884	0.9714755896873286
40	0.09479009370909974	0.9747564822235034	0.09642117547849116	0.9728469555677455
41	0.09267619725161905	0.9746192891929094	0.09475793580264588	0.9750411409764125
42	0.09177894448118619	0.9751680615197191	0.09478111497779927	0.9731212287438289
43	0.0913312509891051	0.9774317465245208	0.0936434869115505	0.9755896873285793
44	0.08701914649199664	0.9782549044464102	0.09278925821630593	0.9758639605046626
45	0.08733879069002065	0.9772945532894932	0.09210355659447166	0.9747668678003292
46	0.08399017776341772	0.9783920975342456	0.09201601419487515	0.9753154141524959
47	0.08264990619081318	0.9792838524375405	0.09252393843112611	0.9750411409764125
48	0.08198986658569651	0.9788722733457583	0.09021798366485588	0.9758639605046626
49	0.08023381534345946	0.9805871861709425	0.09039140322914391	0.9750411409764125
50	0.08083261609882922	0.979421045263701	0.08912182449875579	0.9758639605046626
51	0.07942280561469893	0.9808615722321307	0.08921160381001247	0.9766867800329128
52	0.07717900257519299	0.9805185897128869	0.08880212569575567	0.976138233680746
53	0.07721072272445492	0.9816847302112613	0.08812649356578316	0.9766867800329128
54	0.07653366322931332	0.9812731513811541	0.08782650277047156	0.976138233680746
55	0.07340068851698163	0.9817533267265584	0.09032331463981479	0.9753154141524959
56	0.07143965391509899	0.9837426257274134	0.0873583737470606	0.9758639605046626
57	0.07406828674480231	0.9814789406653702	0.08662059866004326	0.9769610532089962
58	0.0713315444072998	0.9821649058183405	0.08731068344914482	0.9780581459133296
59	0.06788188757957263	0.982507888452067	0.08596797955584637	0.976138233680746
60	0.07027092770443219	0.9827822747749301	0.08619048638556416	0.9775095995611629
61	0.06809707486608226	0.982507888452067	0.08744791204220137	0.9772353263850796
62	0.06833929359291395	0.9827822745132551	0.08652147229912104	0.9772353263850796
63	0.06708374810373771	0.9833310465783899	0.08513839957695117	0.978332419089413
64	0.06831269787918608	0.9828508712329856	0.08750921703294712	0.976138233680746
65	0.06456546274244189	0.9844285910848172	0.08559541093304067	0.9791552386176632
66	0.06334404028121099	0.983811222447144	0.0864069827648878	0.9772353263850796
67	0.06364991977485811	0.984154205023629	0.08455187346999805	0.9797037849698299
68	0.06483329089667911	0.9838112223899026	0.085366239920422	0.9775095995611629
69	0.06137398816415158	0.9850459594608154	0.08962217431660544	0.9753154141524959
70	0.063856046010534	0.9847715734568687	0.08377425332113822	0.9788809654415798
71	0.05961545486458536	0.9853203455220035	0.08393934480713101	0.9780581459133296
72	0.059056016305400964	0.9864864865437278	0.0852226333098013	0.9775095995611629
73	0.0577307815796015	0.9851145562377874	0.08367876841360218	0.9797037849698299
74	0.057995844330336596	0.9853203457836784	0.08436672890623209	0.9786066922654965
75	0.05805704261842358	0.9849773629455184	0.0836337656084115	0.978332419089413
76	0.05661739977831776	0.9869666618891321	0.08379219288953585	0.9799780581459133
77	0.05670791318557573	0.9861435037628092	0.08455060905758016	0.978332419089413
78	0.05482595344518074	0.9869666621508071	0.08816469839283123	0.9758639605046626
79	0.05608037609690288	0.9869666621508071	0.08319789704060038	0.9794295117937466
80	0.054611641148815414	0.9868294690629716	0.08680632257873926	0.9766867800329128
81	0.05634619110686934	0.9857319246137857	0.08407826370595904	0.9788809654415798
82	0.05422166482611748	0.9876526270421023	0.08358508666075083	0.9802523313219967
83	0.05336687716621318	0.9857319247282684	0.083703687438538	0.9802523313219967
84	0.05120524129652571	0.9873782412425892	0.08399568230079235	0.9802523313219967
85	0.05234304192621761	0.9862806969978368	0.08326009825051844	0.9799780581459133
86	0.04890961990441162	0.9877898202771299	0.08486262629461513	0.9786066922654965
87	0.048668967958834616	0.9876526272465359	0.08655387063439704	0.9769610532089962
88	0.04951541914887873	0.9874468377578862	0.08609132581041513	0.9777838727372463
89	0.0507810711472233	0.9877898201299378	0.08341306489465725	0.9797037849698299
90	0.04867571576921754	0.9879270133077239	0.08463013692218985	0.9799780581459133
91	0.048926247165500425	0.986829469120213	0.08398424397011707	0.9799780581459133
92	0.048562426294194626	0.9875840307312389	0.08497055541995752	0.9797037849698299
93	0.04773726284970045	0.9878584168496684	0.08425023426157201	0.9791552386176632
94	0.04776776006764972	0.9873782411853478	0.08345440726929554	0.9791552386176632
95	0.04562149476119399	0.9882699956797756	0.08403493250243557	0.9797037849698299
96	0.04431159263953315	0.9879956096185875	0.08337641619983703	0.9799780581459133
97	0.0439701940190205	0.9884757855445829	0.08325487444942559	0.9802523313219967
98	0.046256881047002915	0.9884071889148032	0.08556904333316145	0.9777838727372463
99	0.046531816629907824	0.9891617506403118	0.08498771456736934	0.9797037849698299

The optimal condition:
	epoch: 97
	train_acc: 0.9884757855445829
	val_acc: 0.980252331322
	using time: 851.408217907
