The number of train datas: 5216
The number of test datas: 1304
epoch	train_loss	train_acc	val_loss	val_acc
0	0.7064980919375742	0.4998082820257526	0.6909087556271465	0.5368098159509203
1	0.7009078955357791	0.5103527607361963	0.6883358520232826	0.5452453984073334
2	0.6974567829465573	0.5055598155852475	0.6866988722532074	0.5590490793889286
3	0.6912401355117377	0.5345092024539877	0.68546283427923	0.5598159505545728
4	0.6900373276757317	0.5356595095681267	0.683925058578421	0.5881901836834071
5	0.6849322527464182	0.5485046012269938	0.6824064284014556	0.5820552147239264
6	0.6866921511895817	0.5548312883435583	0.6809785965761525	0.5912576690773291
7	0.6819026393393066	0.5603911046601512	0.6790874110409088	0.5966257672368384
8	0.6827921618713192	0.552338957238051	0.6772313626265964	0.6004601230650591
9	0.6788309099484076	0.5655674850282494	0.6752221836634209	0.601226993499358
10	0.6736314208960972	0.5833972392638037	0.6726283090977581	0.6119631898183764
11	0.6716462984406875	0.5891487726404623	0.6698530031128164	0.6142638033153089
12	0.6681480919656578	0.599693251899415	0.6673187818263937	0.6265337423312883
13	0.663736729168453	0.5973926376711371	0.6633139735350579	0.6311349693251533
14	0.6616014962547396	0.6014187120221144	0.6596687984612822	0.6372699386503068
15	0.659869534472015	0.6025690180392353	0.6554809044475204	0.6449386503067485
16	0.6533913641619536	0.6134969321496647	0.6499349251846595	0.6541411042944786
17	0.6472759583245026	0.6326687112907691	0.6437007985963412	0.6595092024539877
18	0.641097916415864	0.6401457051557997	0.6374308101238648	0.6641104298135254
19	0.6298177136233979	0.6564417174257384	0.6286375767614213	0.6717791414699672
20	0.6257126781106727	0.6646855828220859	0.6199159219952449	0.6733128838012555
21	0.6117442433088104	0.678489263803681	0.6088226920256585	0.6855828224515622
22	0.6091698894471479	0.6735046008613212	0.5991342777123481	0.6970858899362248
23	0.5908557871368034	0.6995782212245684	0.5845047948550592	0.7162576690773291
24	0.5781016989719648	0.7151073615975175	0.5684682284396119	0.7285276077276358
25	0.5646885706603162	0.713957055214724	0.5508731519517723	0.7461656445374518
26	0.5483865288137658	0.7331288347215009	0.531024312497648	0.7607361966846911
27	0.5284323666724691	0.7567101226993865	0.5108357302250306	0.7714723930037095
28	0.5029488118148289	0.7718558285865316	0.48615389970913986	0.7883435586478813
29	0.4905233436201248	0.7770322082232843	0.46567469268488737	0.8075153370576402
30	0.46199233034637077	0.7981211660098444	0.4403844243544011	0.8159509206110714
31	0.445528493519941	0.8029141104294478	0.4172187590160253	0.8297546015926666
32	0.4223434839146269	0.8236196319018405	0.396814937240507	0.8374233132491082
33	0.40265393695948315	0.8326303677324869	0.3729160828458751	0.85429447889328
34	0.3836427429702384	0.8433665640515052	0.353307474975937	0.8665644175435868
35	0.3571754651932629	0.8546779144761021	0.33319214845727557	0.8726993868687402
36	0.3375063884112001	0.8728911039288059	0.31562135071476544	0.8757668715313168
37	0.32429706556665383	0.8715490801202739	0.3044834546516278	0.8819018401251248
38	0.3091516072399046	0.8826687112907691	0.29321274938393227	0.8811349689594807
39	0.2904382625057653	0.885161043310458	0.27517647620724756	0.8941717787754316
40	0.28181013080971373	0.8928297549668996	0.26600222125009526	0.8987730057692966
41	0.26883095630838827	0.8951303680981595	0.25476433025913003	0.9033742327631616
42	0.24530367150994167	0.9125766867508918	0.24497415015668225	0.9041411039288059
43	0.24264551434048845	0.9102760732539592	0.2371582779233441	0.9072085885913825
44	0.2223820925855929	0.9196702450331004	0.22973028904089898	0.9125766867508918
45	0.21939414163674315	0.9177530678503353	0.2215995628135336	0.9118098155852475
46	0.21700052450770982	0.9248466257668712	0.21530160321596942	0.9110429444196034
47	0.2088481947505401	0.922546011904266	0.20908337305842734	0.9148773002478242
48	0.1918707570415333	0.9355828217202169	0.2037432195127376	0.9194785272416893
49	0.18433107088314243	0.9371165640515052	0.19841776340285694	0.9194785272416893
50	0.1861280389358661	0.9313650310405193	0.19300025340421068	0.9256134969325154
51	0.1690432552728185	0.9430598163165929	0.18827311498072982	0.9263803680981595
52	0.16237235672634803	0.9457438650306749	0.1844427756096688	0.928680981595092
53	0.16213667438439797	0.9468941717791411	0.18219667631972786	0.928680981595092
54	0.15679676149703242	0.94900306711899	0.17632145640308872	0.933282208588957
55	0.14917360812974123	0.9509202457644457	0.17270926989477836	0.9317484662576687
56	0.14773264417619061	0.9532208592613782	0.16999054115059917	0.9386503067484663
57	0.14125720672080852	0.9536042944785276	0.16700969567876653	0.9401840490797546
58	0.1346387997086794	0.9528374233128835	0.16541044231207092	0.9401840490797546
59	0.13258326574702936	0.9536042948442003	0.16344847872944698	0.9432515337423313
60	0.12673369397414974	0.9564800609840206	0.16271304684274035	0.9447852760736196
61	0.12058090030049985	0.9622315954576972	0.15581166138586822	0.9440184049079755
62	0.12045650248147227	0.9620398773006135	0.15527957380732144	0.9440184049079755
63	0.12056572643891433	0.9622315954576972	0.1523919961432372	0.9478527607361963
64	0.11530304759557992	0.9614647239263804	0.1560149488319283	0.9470858895705522
65	0.10950370539733968	0.9651073619631901	0.15004770615440935	0.9486196319018405
66	0.10831901881318151	0.9643404904318733	0.14724663606176347	0.9486196319018405
67	0.10604196293222393	0.9681748469914395	0.14498497554860965	0.9493865030674846
68	0.1034699696247563	0.9668328224515622	0.14629974392202735	0.9470858895705522
69	0.10377111162510386	0.9656825157030959	0.14051687034086946	0.9532208588957055
70	0.10001511113043943	0.9702837423312883	0.1398795718795683	0.9524539877300614
71	0.0962865408395697	0.9710506138626052	0.13990410970398254	0.9516871165644172
72	0.09071989563162342	0.9720092020883151	0.13697553320896405	0.9562883435582822
73	0.08966188160188358	0.9714340490797546	0.13575484020852605	0.9570552147239264
74	0.0904241459775556	0.9720092028196604	0.13648347712001918	0.9555214723926381
75	0.08989374574982316	0.9733512266281924	0.13448817344622377	0.9547546012269938
76	0.08486910214636223	0.9754601223337138	0.13402073405271658	0.9578220858895705
77	0.08386462456061065	0.9752684052736481	0.13238804353161093	0.9562883435582822
78	0.08055086865838319	0.976226993499358	0.13416305700876963	0.9570552147239264
79	0.07794592616382552	0.9750766871165644	0.13261588772564578	0.9585889570552147
80	0.07645668327077035	0.9768021472392638	0.130790371127838	0.9585889570552147
81	0.07963680800484733	0.9756518408564702	0.13293241788318919	0.9516871165644172
82	0.0725307057788767	0.9766104290821801	0.13085930360241171	0.9555214723926381
83	0.07278847735535147	0.9791027607361963	0.13005832742693965	0.9570552147239264
84	0.07619718231397904	0.9766104298135254	0.12824591041251193	0.9593558282208589
85	0.07529650445730408	0.9773773002478242	0.12893330676058318	0.9570552147239264
86	0.0705347257020649	0.978719325519047	0.1294491828356418	0.9570552147239264
87	0.06408704504187852	0.9817868094502783	0.1300784091185207	0.9578220858895705
88	0.06955667836534465	0.9768021476049364	0.12638885923232768	0.9578220858895705
89	0.06185734964495788	0.9817868101816236	0.12737009219505305	0.9616564417177914
90	0.06363961532529146	0.9798696319018405	0.12884329929033672	0.9585889570552147
91	0.06368483753840616	0.9792944781619347	0.12725276744530245	0.9608895705521472
92	0.05833769340548047	0.9823619628245114	0.12907656357606495	0.9616564417177914
93	0.0621637734213124	0.9827453991386788	0.12922416160031697	0.9593558282208589
94	0.05963876525774324	0.9812116568073904	0.1288839618738261	0.9593558282208589
95	0.05787190872650205	0.9844708585300328	0.1277250046470414	0.9601226993865031
96	0.058780658098817606	0.9840874236785561	0.13129246226894709	0.9570552147239264
97	0.05228343898533312	0.983320552512912	0.12723603202430017	0.9624233128834356
98	0.058136185139783324	0.9829371169300899	0.12604361441146378	0.9601226993865031
99	0.0548012844898218	0.9835122695729777	0.12583324102901974	0.9608895705521472

The optimal condition:
	epoch: 97
	train_acc: 0.983320552512912
	val_acc: 0.962423312883
	using time: 92.7159478664
