The number of train datas: 8014
The number of test datas: 2004
epoch	train_loss	train_acc	val_loss	val_acc
0	0.7169530556955807	0.49825305720948804	0.6951295760815253	0.5029940113811912
1	0.6985316902793254	0.514100324372743	0.6908448575261587	0.5279441118954185
2	0.6908208266112582	0.5319440978362372	0.6876159150919277	0.5469061873868079
3	0.6895565005172242	0.5405540304020928	0.6841408957740266	0.5673652702938773
4	0.6829904339722276	0.5541552285735137	0.6793077895027435	0.5998003999154249
5	0.6792109590205047	0.5640129774979947	0.6736635892928955	0.626247505703848
6	0.6747170800814046	0.5784876465440422	0.6663051165506512	0.6571856276717728
7	0.664880576709693	0.6014474672154949	0.6561074792268033	0.6896207594348047
8	0.6553718161487746	0.6259046667735416	0.6417504220665572	0.7090818364463166
9	0.6413484281038209	0.6441227853194061	0.6202025853707167	0.7465069850761733
10	0.6193528539794682	0.6761916644382215	0.590560973285439	0.7724550893444739
11	0.5849429775212571	0.711005740118705	0.5492372348636925	0.8058882224821521
12	0.5438663296816145	0.7495632641387456	0.5002562997345915	0.8313373254682728
13	0.4988301221289657	0.7821312703513909	0.4403960440687077	0.8682634723400642
14	0.44380756055353765	0.8224357372660693	0.3826577931702018	0.8977045912942486
15	0.3850791060198624	0.8565011231090649	0.3238058812960893	0.9126746511744882
16	0.33795355886987	0.8818317941516184	0.27650935974663604	0.9216566863888038
17	0.29042656750550494	0.9001746943593769	0.2390334300414293	0.9321357288998282
18	0.2629805437593886	0.9115298228547077	0.21200799549411156	0.9446107773723716
19	0.2352195609633334	0.9268779636083888	0.1894509999932881	0.9491017960502716
20	0.21474290043599056	0.9353631143115362	0.17638775486194208	0.9505988014434388
21	0.198304280463912	0.939356126525261	0.16258853195075265	0.959580837847468
22	0.18819599149231309	0.9440978285169732	0.15502292468043383	0.9610778438354919
23	0.17494426988993078	0.9500873471573758	0.14938698664396824	0.9600798404383326
24	0.17298820423669342	0.9484651859692573	0.1421465430847423	0.9675648703784524
25	0.16486319869065005	0.9548290489110859	0.13825167557912435	0.9665668663864364
26	0.15783886077444484	0.9565759920288507	0.13526512771666407	0.9640718564063965
27	0.15601045483063664	0.9581981532615945	0.13100397848559472	0.9655688623944204
28	0.14463995393372128	0.9613176937676856	0.12789974791442088	0.9665668663864364
29	0.1454781097145428	0.9609433488712544	0.1252225983345104	0.9675648703784524
30	0.136688961331122	0.9623159468099605	0.12363897861834772	0.9675648703784524
31	0.13922785199473914	0.9648115794677106	0.12157361268878221	0.9685628743704684
32	0.13086960300531714	0.9644372348390317	0.1211093201965629	0.9665668663864364
33	0.13222777332514635	0.9653107062937882	0.12019186081762562	0.9685628743704684
34	0.12709968863415366	0.9673072121254607	0.11688458815425218	0.9715568863465163
35	0.12853682936186175	0.9695532817569253	0.1162569284617544	0.9685628743704684
36	0.12650330799801676	0.9663089590683107	0.11507984050019772	0.9695608783624843
37	0.11692601317385946	0.968804591978938	0.11365449333381272	0.9710578843505083
38	0.11662520119599164	0.9704267532116819	0.11507358709852139	0.9710578843505083
39	0.11578762830270625	0.9703019712671604	0.11206226535661967	0.9720558883425242
40	0.11172699658671965	0.9716745692356168	0.11237221700464656	0.9700598803584923
41	0.11097157796199167	0.973047167189198	0.11148687203725179	0.9705588823545003
42	0.11133513540691468	0.9714250059564541	0.11391750436105176	0.9715568863465163
43	0.11065021116544042	0.973795857264688	0.10999605904320281	0.9730538923345402
44	0.10755650638894367	0.9721736957641918	0.10991184978546972	0.9725548903385323
45	0.10555654403732428	0.975168455203394	0.1082222270156571	0.9735528943305481
46	0.10473254055997099	0.9739206388968317	0.10874806094669297	0.9730538923345402
47	0.10664176726716101	0.9759171450111317	0.10723994354050079	0.9745508983225641
48	0.10534607125006919	0.9741702018784918	0.10784638157028877	0.9735528943305481
49	0.10411754905218075	0.974294983793263	0.10678624467340533	0.9735528943305481
50	0.09888306199864673	0.9759171447136291	0.10775272441124488	0.9725548903385323
51	0.09881368911092288	0.9775393062290004	0.10703233259166786	0.9735528943305481
52	0.0941301743072972	0.976790616436138	0.10615086183695498	0.9740518963265562
53	0.09439615280529433	0.9755428001147004	0.1053561856765709	0.9735528943305481
54	0.0990760718177821	0.9767906161535105	0.10751916572243392	0.9730538923345402
55	0.09304677310234923	0.9784127776391315	0.10535173695125503	0.9730538923345402
56	0.0935506702570181	0.9781632140922165	0.10553781613856257	0.9730538923345402
57	0.09319986499490839	0.9780384327575754	0.10553188559537877	0.9740518963265562
58	0.08995379719326316	0.9786623406207916	0.10523687350654792	0.9725548903385323
59	0.08862356641493684	0.9786623409182942	0.10515085668739921	0.9730538929293969
60	0.09021161804926316	0.9786623409480444	0.10374986250957328	0.9730538923345402
61	0.0909818361580952	0.9789119038850791	0.10449303127453474	0.9725548903385323
62	0.08916341045107631	0.9805340651029478	0.10354530751824141	0.9745508983225641
63	0.08938025380827586	0.9796605936779416	0.10357469924076826	0.9740518963265562
64	0.08666182443823099	0.9805340651178229	0.10897784205729852	0.9745508989174209
65	0.08563533913421309	0.9804092837534315	0.10292378951332526	0.9745508983225641
66	0.08785499956729348	0.9800349385743727	0.10258360596712002	0.9750499003185722
67	0.09125405121878225	0.9799101572248565	0.1074577656810631	0.9730538929293969
68	0.08600982044674019	0.9815323181600978	0.10467276215077398	0.9740518969214129
69	0.08469886728242831	0.9829049164111816	0.10252111769483951	0.9745508983225641
70	0.08296100222344094	0.9810331919141503	0.1045526145044677	0.9740518969214129
71	0.07937857599769532	0.9802845018535354	0.1023924605634636	0.9755489023145801
72	0.07805439506478223	0.9836536059065415	0.10333036781547074	0.9750499009134289
73	0.08316137774986669	0.9830296977606979	0.10658007244506996	0.973552894925405
74	0.08197916267541525	0.9812827551784378	0.1042787383892341	0.9730538929293969
75	0.08065009190386478	0.9822810079529603	0.10376051011794579	0.973552894925405
76	0.08151587568890997	0.9815323184576004	0.10402791297245406	0.9740518969214129
77	0.08082729301340776	0.9831544793928416	0.1023152972052911	0.9760479043105881
78	0.07851258111038736	0.9816570998071167	0.10389136753515331	0.9750499009134289
79	0.07786637752883774	0.9832792613076128	0.10213554613366574	0.9750499003185722
80	0.0778254583340379	0.9835288242892729	0.10348977044432939	0.9740518969214129
81	0.07433170602720353	0.9830296980284502	0.10243359359795462	0.9760479043105881
82	0.07500247435241246	0.9840279510856001	0.10583500123904374	0.973552894925405
83	0.07673094919849013	0.9852757674070377	0.10270340252898172	0.9755489029094369
84	0.07297935253527506	0.9834040429397566	0.10452663717036714	0.973552894925405
85	0.07436524538148036	0.9841527324499916	0.10236413916665875	0.9755489023145801
86	0.07309084768110241	0.9845270773464229	0.10337086655422599	0.9750499009134289
87	0.0717696827458181	0.9840279508029728	0.11107826232910156	0.971556886941373
88	0.0719721256702997	0.984152732717744	0.10356131335813366	0.9745508989174209
89	0.07067706408399818	0.9837783875386852	0.10426922398294042	0.973552894925405
90	0.06766922121376194	0.9851509857748939	0.10370117699552676	0.9760479049054448
91	0.06748436383730103	0.9850262041576253	0.10405242368727625	0.9740518969214129
92	0.06945465449341402	0.9841527327474942	0.10309714313871608	0.9745508989174209
93	0.0692073160548638	0.9844022959969065	0.10305530591282303	0.9740518969214129
94	0.07004589602511097	0.9842775140672603	0.10366991807719667	0.9740518969214129
95	0.06717196155626755	0.9855253304035728	0.10456633121667508	0.9740518969214129
96	0.06765117785387394	0.9855253303886977	0.1023553095891804	0.9755489029094369
97	0.0673488498167308	0.9857748936529852	0.10363719836918418	0.9755489029094369
98	0.06672120649606503	0.9855253306862003	0.10720795818312677	0.971556886941373
99	0.06534720093406048	0.9856501120208415	0.10303357112669422	0.9755489029094369

The optimal condition:
	epoch: 90
	train_acc: 0.9851509857748939
	val_acc: 0.976047904905
	using time: 589.050795078
