The number of train datas: 4886
The number of test datas: 1222
epoch	train_loss	train_acc	val_loss	val_acc
0	0.7041863495338369	0.5137126482611448	0.6887169312533302	0.5351882163319377
1	0.6996358966319911	0.5184199754400327	0.6850599369518886	0.55810147299509
2	0.6928423424504889	0.5319279573805938	0.6826442084999209	0.5662847806115783
3	0.6897181942723494	0.5440032747354948	0.6807106069964395	0.5630114568235831
4	0.6856538859537963	0.5425706099058535	0.6792263399364515	0.5769230772157348
5	0.6842595279777923	0.5587392550143266	0.6753394413501659	0.6039279883699995
6	0.6772857304484055	0.5712239050835896	0.6719505062079859	0.6170212778639286
7	0.6738335340178213	0.5771592303567669	0.6679268165227824	0.6170212782541391
8	0.6718753210306656	0.5947605402704833	0.6619743432624056	0.6505728308385796
9	0.6633816669575757	0.6045845272816257	0.6557637305774783	0.6628477916779963
10	0.6613852102347587	0.6035611953493322	0.6506471952908168	0.6456628493513491
11	0.6513773410036288	0.6277118295955697	0.6403278888930275	0.6824877243580483
12	0.6429303187695479	0.6361031519600567	0.6323475080699265	0.6849427180282418
13	0.6320979230188221	0.6506344656987215	0.6220782760122209	0.6849427161747422
14	0.6243965250031654	0.6639377813186988	0.6101956932322288	0.6898526998081301
15	0.6140174716162087	0.6739664347358185	0.5976768660857518	0.7103109647521411
16	0.5984685562011213	0.6864510846830908	0.5863877637296574	0.7152209501414759
17	0.5916548753145822	0.6927957428902132	0.575901631637798	0.7103109647521411
18	0.5790781921726535	0.6995497340312806	0.5665518819993139	0.7103109662154302
19	0.5674826550376352	0.7015963978958676	0.5564754794545338	0.7332242234638982
20	0.5568537031145209	0.7237003683019163	0.5432593042058367	0.7373158746382219
21	0.5429480919767685	0.7376176831276262	0.5320571820981764	0.7454991806938683
22	0.5276722854832084	0.7378223494970062	0.5217747967293922	0.7536824885054618
23	0.5158749220071637	0.7623823168723738	0.5075909077340764	0.7643207862802496
24	0.5017220355963736	0.7658616456153985	0.49531051765292056	0.7725040906775017
25	0.4865519592032977	0.7703643062297214	0.490313644982789	0.7700490989583604
26	0.4704235426919947	0.7893982808266904	0.47022996391680355	0.7847790515169184
27	0.4541118714441494	0.7959476055007854	0.45602703523713906	0.7945990170277473
28	0.4433809652393878	0.8076135898241488	0.4394136043890408	0.8109656290414876
29	0.4226318252437973	0.8182562423738065	0.4261460268165788	0.82242225742184
30	0.4102651879917243	0.8213262382560805	0.4139731066902023	0.8314238958389981
31	0.40756451710296177	0.8282848956445373	0.40633391353580645	0.8322422263470102
32	0.3911570153224678	0.8356528858937449	0.3956100481719315	0.8330605569525749
33	0.38296007707477153	0.841997544052071	0.3793735910457012	0.8510638286166027
34	0.3692035266746032	0.8501841996568078	0.3697953119800836	0.85188215931972
35	0.355821685485063	0.8550961933270664	0.3591122764319718	0.8567921446115022
36	0.354482739065887	0.8612361851404107	0.3521396013406607	0.8608837976393254
37	0.3358164241432997	0.8655341791901684	0.34725356214175246	0.8641571198664788
38	0.3333859161134143	0.8683995087030624	0.33459369138297784	0.8674304424838427
39	0.32775275328097847	0.8681948423336824	0.328313291316727	0.869067103694972
40	0.3189946911372077	0.8739255014082666	0.32208160502430655	0.8715220955116659
41	0.3182002443955953	0.8788374948101457	0.3176536360075743	0.8723404261172305
42	0.30513022444163296	0.8806794924761397	0.31401717911570437	0.8821603915305067
43	0.30273823970124414	0.8812934915842797	0.3064122973604405	0.8813420610224947
44	0.2985409580924401	0.8860008187875658	0.30173912693162597	0.882978722233624
45	0.29234214585138746	0.887433483397624	0.3036519512412201	0.8764320792426064
46	0.2858505851169419	0.8900941464679435	0.29706902799551693	0.882160393481559
47	0.28141560179505054	0.8919361442071319	0.2890474981157362	0.8854337157087123
48	0.269534586164437	0.899304134383145	0.28467100068512213	0.8878887075254063
49	0.2740286451307321	0.8911174784368342	0.28166728124095647	0.8919803605532295
50	0.2687924174569788	0.8982808022922636	0.2783036789995559	0.8919803605532295
51	0.2658425902202878	0.8972574703721692	0.28009852332881546	0.8854337159038176
52	0.2589200269819721	0.8999181335644795	0.2724596526345723	0.8968903441866174
53	0.25701750732570994	0.9046254606213767	0.27276554708590095	0.8936170201059644
54	0.24960489101430405	0.9060581251826386	0.2705514558305912	0.894435350711529
55	0.24313663371056746	0.9044207941056078	0.2668772033505666	0.8977086747921821
56	0.2445392514587766	0.9085141221031614	0.2665372739642029	0.9034369889335819
57	0.24268040814899394	0.90708145727352	0.2637252589587104	0.9042553195391466
58	0.2352777583478076	0.9091281212113014	0.26003172320546963	0.9058919808478285
59	0.23035335371814397	0.9097421202706452	0.25725003891607745	0.9026186584255699
60	0.22722248382320473	0.9169054440528801	0.2552558272442919	0.9034369889335819
61	0.2328285685558569	0.9152681130978401	0.2542972307158375	0.9050736502422638
62	0.21919336528305727	0.9177241096035945	0.25685204811845397	0.9018003278200053
63	0.22306492117721918	0.9189521079906615	0.25773277434896913	0.9026186585231225
64	0.21376544460989733	0.9207941055346648	0.25161471143486847	0.9058919790918816
65	0.21644635794351103	0.9203847729422936	0.24970877916840212	0.9091653031725345
66	0.20959915101186594	0.9234547688489657	0.25008853923669616	0.9075286403030108
67	0.20729968008500263	0.9242734343020876	0.24690516905191487	0.9075286403030108
68	0.1987415177261932	0.9255014326403583	0.25157872471598675	0.9091653014165875
69	0.20589090575705382	0.9244781008178564	0.2591061698922159	0.8968903443817227
70	0.19182167431271765	0.9287760949652067	0.24388967764162978	0.9067103114533932
71	0.19444955642038908	0.9263200981666746	0.24328072927587358	0.9132569544444108
72	0.19293245797610117	0.9306180924360156	0.24156395488596977	0.9075286420589578
73	0.18744049117280184	0.9320507573876476	0.24126657107067576	0.9148936156555401
74	0.19017775233558978	0.9265247647556378	0.24252110944051788	0.9148936156555401
75	0.18819293402351905	0.9316414244049063	0.2448589705699009	0.9075286420589578
76	0.18126914376637704	0.9390094145809194	0.24521198971181765	0.9075286420589578
77	0.1816681712573052	0.9324600899800188	0.2412883588120512	0.9132569562003577
78	0.17796147379580454	0.936962750838323	0.24057261214123615	0.9091653031725345
79	0.17607839610480988	0.9369627507163324	0.2403386095249126	0.912438625594793
80	0.16662420269606595	0.9396234138842445	0.24458365969103799	0.9124386238388461
81	0.17055727145586938	0.9353254196149036	0.23812342665589578	0.9108019627252695
82	0.16746991528163813	0.9406467457311445	0.23912543941246509	0.9099836321197048
83	0.16494586699037245	0.93839541559477	0.2542766560655569	0.9050736482912116
84	0.16664829307338325	0.9410560785918952	0.2388647468897793	0.9108019627252695
85	0.16357567018135083	0.9404420794105608	0.23662347352641303	0.914075285147528
86	0.15793899633676559	0.942898076062704	0.23662545057638576	0.9108019627252695
87	0.15128133015046097	0.9451494063942636	0.23725473329595576	0.9124386239363987
88	0.15111257934297054	0.9471960704052395	0.23940443402421455	0.9124386238388461
89	0.1502161209352964	0.9469914040602576	0.23772183236240754	0.9124386239363987
90	0.151343229891236	0.9461727384363487	0.23394955828810285	0.9099836321197048
91	0.14677127909694496	0.9465820712727013	0.23367650116719121	0.9124386239363987
92	0.15186869460712726	0.9465820711507106	0.23732413558835094	0.9132569545419633
93	0.13962117064709162	0.9529267294310274	0.2353706715442545	0.911620293330834
94	0.13985503084021322	0.9476054033147864	0.24635916694681695	0.9148936155579874
95	0.138406778441386	0.9500613998449391	0.2397551693131998	0.914075286903475
96	0.1392040240669465	0.9494474006636046	0.23674313453332493	0.9165302787201689
97	0.1410145354390486	0.9486287352836771	0.2353372293876548	0.9165302787201689
98	0.13925490395680246	0.9488334014822701	0.23784139669468282	0.9140752868059224
99	0.13245776352082614	0.9504707326324954	0.2372431805305512	0.9132569545419633

The optimal condition:
	epoch: 97
	train_acc: 0.9486287352836771
	val_acc: 0.91653027872
	using time: 412.329519987
