The number of train datas: 16192
The number of test datas: 4048
epoch	train_loss	train_acc	val_loss	val_acc
0	0.700434544812078	0.5124752964426877	0.689797933158196	0.5318675889328063
1	0.690022878024889	0.5360054347826086	0.683541622086476	0.5770750990498207
2	0.6823999332816233	0.5568799407114624	0.6751823969509291	0.6208003957281
3	0.6741870351930852	0.5825716403162056	0.6616929642296592	0.654891304347826
4	0.6608011406872112	0.6109807312252964	0.6421102843736942	0.6734189718608329
5	0.6371485682815431	0.6438364624505929	0.6092184273150598	0.7178853757296626
6	0.6024239616902921	0.6886116600790514	0.5647805217697687	0.7566699607098998
7	0.5569606951102909	0.7272727272727273	0.5102070187155908	0.7833498021359501
8	0.49812278210410016	0.770318675889328	0.445904909033078	0.8159584980237155
9	0.4381012402975512	0.8076210474308301	0.3823258323160556	0.8470849797659712
10	0.3745349374684421	0.8423295454545454	0.32581194493139215	0.8745059290893464
11	0.3205072208355538	0.8721590909090909	0.27815237576546875	0.8945158102766798
12	0.2760009206095232	0.8948863636363636	0.2438531605151331	0.9034090906734994
13	0.23690348486655313	0.9110054347826086	0.20835406124120645	0.9234189728031987
14	0.20972914728722553	0.9231719367588933	0.18447272149706076	0.9323122534356099
15	0.18671785851594488	0.9331768774703557	0.1674737088941774	0.9404644273486533
16	0.1666512498742507	0.9441699604743083	0.15312503581579495	0.946393281103594
17	0.15254718395089914	0.9471343873517787	0.14275569947281844	0.9478754945423292
18	0.14203717097227753	0.9527544466403162	0.1295488681570579	0.9557806328822501
19	0.1294364693313248	0.9577569169960475	0.1305967329636864	0.9560276682197812
20	0.1195039591888194	0.9621417984189723	0.11964353919029236	0.9607213438735178
21	0.1142438656315502	0.9636240118577075	0.10670547428809607	0.9644268777059473
22	0.10835517975299255	0.9655385375494071	0.10574031258259602	0.9646739130434783
23	0.101083480263416	0.9688735177865613	0.09830827548687637	0.967391304347826
24	0.09694604946690585	0.9704792490118577	0.09822910840037784	0.9666501976284585
25	0.09154435865610484	0.9718379446640316	0.09259851272457202	0.970108695652174
26	0.08817103269543101	0.9735671936758893	0.09165625144237939	0.9708498023715415
27	0.08278761500779819	0.9757287549407114	0.08634127457092403	0.9738142292490118
28	0.08295862289815552	0.975975790513834	0.0848086319731276	0.974308300395257
29	0.07888114458251848	0.9777667984189723	0.08617151891555004	0.9723320158102767
30	0.07482221369215622	0.9794960474308301	0.08155544355084655	0.9745553359683794
31	0.07405662004331591	0.9793107707509882	0.08016306574901809	0.9750494071146245
32	0.0716218320071226	0.9807929841897233	0.0820460881441537	0.9757905138339921
33	0.06911987235600298	0.9806694664031621	0.08053549651881098	0.9757905138339921
34	0.06822942237078908	0.9812870553359684	0.07780812769804311	0.9750494071146245
35	0.06616255177162852	0.9819664031620553	0.07744555111252979	0.9755434782608695
36	0.06373788107908054	0.9821516798418972	0.08777779095029466	0.970602766798419
37	0.06291129460683453	0.9829545454545454	0.0783881530600044	0.9757905138339921
38	0.06295643578993944	0.9832633399209486	0.07537924474024255	0.9757905138339921
39	0.06364401999728482	0.9837574110671937	0.07523023056992782	0.9765316205533597
40	0.06100947119796229	0.9837574110671937	0.07766719722730134	0.9757905138339921
41	0.058896724907718155	0.9849925889328063	0.07590584047764481	0.9757905138339921
42	0.057111306300040764	0.9842514822134387	0.07651520334552281	0.9752964426877471
43	0.057845668911403816	0.9841279644268774	0.08422760244849112	0.974802371541502
44	0.054991289362193566	0.985548418972332	0.07460419459290538	0.9762845849802372
45	0.052267641145662354	0.987401185770751	0.07301790915473766	0.9757905138339921
46	0.051638021063898865	0.9862895256916996	0.07266927562035591	0.9757905138339921
47	0.0545869616666448	0.9856101778656127	0.07686217657838885	0.9765316205533597
48	0.0527184604788604	0.9861042490118577	0.07413323730480648	0.9762845849802372
49	0.05216516165629677	0.986227766798419	0.0724497493503711	0.9762845849802372
50	0.04996921565648713	0.9867835968379447	0.0720044377189969	0.9762845849802372
51	0.0503471065091757	0.9863512845849802	0.07178627520343178	0.9760375494071146
52	0.04963397097004497	0.986907114624506	0.07190719859034059	0.9757905138339921
53	0.048993808221027786	0.9872159090909091	0.07119121933319117	0.9760375494071146
54	0.04530606553576916	0.9883893280632411	0.07245442791006311	0.9755434782608695
55	0.046856970066138405	0.9878334980237155	0.07983181509833503	0.9752964426877471
56	0.04790115805541574	0.9883275691699605	0.07402441643450866	0.9765316205533597
57	0.04507250756231457	0.9880805335968379	0.07307509054418786	0.9762845849802372
58	0.045416565067153206	0.9888833992094862	0.07239438079503685	0.9772727272727273
59	0.044274459265378624	0.9894392292490118	0.07377167467005816	0.9770256916996047
60	0.0436831445547314	0.9876482213438735	0.07130235756228387	0.9770256916996047
61	0.044404536846421455	0.9890069169960475	0.07205602529241516	0.9760375494071146
62	0.04172035425960311	0.9896245059288538	0.07167069234226356	0.9770256916996047
63	0.04214242753193607	0.9895009881422925	0.07047394977830969	0.9762845849802372
64	0.04105422645807266	0.9893774703557312	0.07147912557785337	0.9765316205533597
65	0.041606407513172024	0.9891921936758893	0.0699359429116718	0.9772727272727273
66	0.042111963688914955	0.989748023715415	0.07014063787701809	0.9767786561264822
67	0.040157028149975384	0.989933300395257	0.06956094952867083	0.9775197628458498
68	0.04015362661758901	0.9891921936758893	0.07014848028674074	0.9787549407114624
69	0.03760272364975082	0.9901803359683794	0.07264723347153941	0.9767786561264822
70	0.03813266990846207	0.9901185770750988	0.070446364489557	0.9777667984189723
71	0.03862127254205377	0.9906126482213439	0.0729978468872813	0.9762845849802372
72	0.03996860276421775	0.989748023715415	0.07443055061516701	0.9760375494071146
73	0.03670430157642826	0.9913537549407114	0.07094259739930746	0.9772727272727273
74	0.0373453948087254	0.990427371541502	0.07054309530382454	0.97850790513834
75	0.03610694869660695	0.9907361660079052	0.07097070121938885	0.9782608695652174
76	0.03355938380238096	0.9919713438735178	0.07122382870231103	0.9772727272727273
77	0.03646707365458662	0.9905508893280632	0.07055810945137982	0.9780138339920948
78	0.03422050105532992	0.9915390316205533	0.07234108914057963	0.9765316205533597
79	0.03495292533409925	0.9917860671936759	0.06988067389741952	0.9780138339920948
80	0.03429253983933464	0.9912302371541502	0.06970217159172527	0.9777667984189723
81	0.03541694404078802	0.9909832015810277	0.07094673985217811	0.9772727272727273
82	0.03442631523850054	0.9917243083003953	0.07112756978330229	0.9772727272727273
83	0.03456972425310272	0.9907979249011858	0.07047374094486708	0.9767786561264822
84	0.03352924449950928	0.9915390316205533	0.07233963730071373	0.9765316205533597
85	0.03242341574031138	0.9915390316205533	0.07110980098235159	0.9777667984189723
86	0.03282287363478317	0.9916625494071146	0.0715943899303822	0.9767786561264822
87	0.029576565462933933	0.9924036561264822	0.07149578022435601	0.9780138339920948
88	0.030509166062437733	0.9917243083003953	0.07460662914741888	0.9767786561264822
89	0.03123426637630689	0.9920331027667985	0.0718287708101566	0.9780138339920948
90	0.0299372751258402	0.9924036561264822	0.07274437390393007	0.9772727272727273
91	0.029011032978448235	0.9926506916996047	0.07156514995013595	0.979001976284585
92	0.029434488405263706	0.9925271739130435	0.07401253512817556	0.9762845849802372
93	0.028932921253439232	0.9924654150197628	0.07288233738709167	0.9770256916996047
94	0.0299377291290303	0.9924036561264822	0.07066861677384777	0.9782608695652174
95	0.02849733646914893	0.9928977272727273	0.07121405047971917	0.9775197628458498
96	0.027145550873410324	0.9930830039525692	0.07387557987808416	0.9767786561264822
97	0.030006710152793308	0.9914155138339921	0.07420994194220795	0.9760375494071146
98	0.028706252692716396	0.9927124505928854	0.07242986097611605	0.9772727272727273
99	0.028763388763936495	0.9920948616600791	0.0717274652841858	0.9775197628458498

The optimal condition:
	epoch: 91
	train_acc: 0.9926506916996047
	val_acc: 0.979001976285
	using time: 459.745421886
