The number of train datas: 10206
The number of test datas: 2552
epoch	train_loss	train_acc	val_loss	val_acc
0	0.6367169221242269	0.645796590474641	0.5432096886971154	0.856974920695852
1	0.45585187052526405	0.8321575544965798	0.3464343417961396	0.886755484585478
2	0.308308663944999	0.8903586127093183	0.26355217584061397	0.8985109715999854
3	0.24802174998654258	0.910738781202594	0.24074200108694058	0.9047805633290809
4	0.21313755905688941	0.9239662943950663	0.2268487818328938	0.9094827597417802
5	0.19052656697463036	0.9296492260039239	0.22415460709213836	0.9075235120928773
6	0.17310282488138376	0.9371938076459402	0.225256225462057	0.9083072104050448
7	0.15844173482381058	0.942876739231437	0.20619016697741227	0.9177115991197783
8	0.14680950631528608	0.9484616892257905	0.20007657531800688	0.9204545454545454
9	0.1334979688446124	0.9536547129957343	0.1888535278717926	0.9255485893416928
10	0.12383202713785185	0.957769939298142	0.20480457114108302	0.9220219435736677
11	0.11648512287815482	0.9603174603875422	0.1908695542466678	0.9267241379310345
12	0.1107685975723119	0.9630609445891473	0.1866029396559751	0.9318181818181818
13	0.10720375341578789	0.9642367235310237	0.1898409587894581	0.9333855799373041
14	0.09920210418293762	0.9667842446087436	0.1740052824647262	0.9380877746683677
15	0.0972797859145477	0.9690378208896727	0.17951816847682187	0.9380877746683677
16	0.09474425104706048	0.9688418577541072	0.1771166836696919	0.9412225709066122
17	0.08893871410232816	0.9735449735566538	0.16989217027671472	0.9443573671448567
18	0.0877133829498347	0.9729570841032361	0.18709916788442382	0.9427899686520376
19	0.08441394011214647	0.9729570840915558	0.18116505223919044	0.9459247648902821
20	0.08118199434276657	0.9744268078068623	0.17543193201613277	0.945924765263979
21	0.08136676909343976	0.975994513066591	0.17464854559484508	0.9471003138533206
22	0.07738489464039244	0.976974328837861	0.18754136078293235	0.9455329153605015
23	0.07230028108874886	0.9785420341326306	0.17931397611327865	0.9471003134796239
24	0.0759937207187341	0.9784440525531676	0.1649820399134884	0.952194357740468
25	0.07417532143880404	0.9792279051655114	0.1772336829570487	0.9498432601880877
26	0.07344460734331372	0.9781501077914178	0.1822927096117066	0.9486677115987461
27	0.07113264127835768	0.9809915735958465	0.17171737343236385	0.9510188087774295
28	0.07051597722203223	0.9801097393923592	0.17167971373118204	0.9510188087774295
29	0.07065480807330733	0.9812855183342357	0.17755700124363447	0.9490595611285266
30	0.06659006669952394	0.9809915735841662	0.1791921236309979	0.9498432601880877
31	0.06878277266811629	0.9812855183575963	0.16425162532182883	0.9537617554858934
32	0.06642241954479339	0.9809915736075268	0.16408759988494054	0.9537617554858934
33	0.06558071891133888	0.9818734078110141	0.16302978552200578	0.9537617554858934
34	0.06420000257671708	0.9830491867528904	0.17007737832733644	0.9521943573667712
35	0.0622647780499434	0.9826572604467185	0.16356451622849816	0.9549373040752351
36	0.06199187568644204	0.9828532235939643	0.17342088256194768	0.9521943573667712
37	0.06160705823355648	0.9836370762296688	0.16945269432934848	0.9537617554858934
38	0.06225398228860196	0.9836370762647098	0.16881800549787973	0.9537617554858934
39	0.06124934732808848	0.9838330394119555	0.16394705610600852	0.954153605015674
40	0.058055197202105766	0.984126984162025	0.15959710520648376	0.9565047021943573
41	0.05904007252789749	0.9839310210147793	0.16635302368107727	0.954153605015674
42	0.059016768753604516	0.9843229472859103	0.17405719818915225	0.9502351097178683
43	0.05769579450966866	0.9839310209914186	0.17284876145247288	0.9529780564263323
44	0.058418102613528894	0.9850088183655124	0.1553666331282697	0.9572884012539185
45	0.05705623022077506	0.9848128552182664	0.1602545767485348	0.9561128526645768
46	0.05567582255160367	0.9842249657181275	0.160494246283622	0.9553291536050157
47	0.05353217759479349	0.9863805604663148	0.15831783660585325	0.9561128526645768
48	0.05298898963163863	0.9854987262511473	0.15809607225233765	0.9561128526645768
49	0.0529484975964047	0.9846168920593403	0.17339029218884752	0.9518025078369906
50	0.0540836422528773	0.9856946894100734	0.1589748036309049	0.9561128526645768
51	0.052659273495802385	0.9859886341601429	0.16767343672336923	0.9533699059561128
52	0.05283641320487728	0.9865765236135606	0.16198792775981946	0.9553291536050157
53	0.052531545528787596	0.9851067999449754	0.16698619695000794	0.9533699059561128
54	0.05340207425222989	0.9853027631155818	0.15913122545542388	0.9549373040752351
55	0.05037837856900521	0.9858906525689995	0.16408568918763378	0.9537617554858934
56	0.05191896541922695	0.9857926709895365	0.1628780124130948	0.954153605015674
57	0.05260841969390424	0.9853027630805409	0.16233292678341876	0.9533699059561128
58	0.05150250013090572	0.9871644131020193	0.15868311952274047	0.9557210031347962
59	0.05096463436910902	0.986576523625241	0.15859050606742361	0.9545454545454546
60	0.04949797030779957	0.9875563394081912	0.15929195227913068	0.9553291536050157
61	0.049243815811929485	0.9864785420457779	0.167109413597978	0.9533699059561128
62	0.04967629417299629	0.9865765236135606	0.15345737343613164	0.957680250783699
63	0.04805892764902946	0.9871644131020193	0.1590218968415008	0.9553291536050157
64	0.047054696713513824	0.9875563394198715	0.17011627884505778	0.9525862068965517
65	0.04909300156172738	0.9869684499430932	0.15040061294413565	0.9580721003134797
66	0.04767140473052786	0.9878502841465805	0.16444308341401964	0.9533699059561128
67	0.04813674586589094	0.9876543209876543	0.1581747210394813	0.9553291536050157
68	0.0455358331001362	0.9877523025787976	0.16039605805691226	0.9553291536050157
69	0.0476602648287959	0.9875563394315519	0.1508835037545444	0.9580721003134797
70	0.04754321092738606	0.9872623946931627	0.16884913433746063	0.9510188087774295
71	0.04534655130922199	0.9883401920555761	0.1576136070067139	0.9565047021943573
72	0.04800006421365015	0.9879482657377238	0.15976443148121752	0.9529780564263323
73	0.046371426930468196	0.9877523025787976	0.16268887877067242	0.9529780564263323
74	0.046017921833215965	0.9881442289083302	0.16041907419079804	0.9537617554858934
75	0.0444301310116354	0.9886341367939653	0.15993171890315871	0.9537617554858934
76	0.044297700894946515	0.9887321183734283	0.15574180887177072	0.9549373040752351
77	0.044698145884422606	0.9876543209993346	0.1540251364026417	0.9557210031347962
78	0.04625563688598852	0.9877523025671174	0.15119125164438005	0.9565047021943573
79	0.041995612674838256	0.9888300999645717	0.1612134153829146	0.954153605015674
80	0.04202724031136009	0.9889280815206741	0.16091704449461638	0.9549373040752351
81	0.04289680597754336	0.9883401920555761	0.16886842542482675	0.9518025078369906
82	0.04446641494894691	0.98814422889665	0.15342450617202397	0.9553291536050157
83	0.04173149348276954	0.9893200078385264	0.14875217498831894	0.9584639498432602
84	0.04295441709924581	0.9885361552261825	0.17389765863239673	0.9502351097178683
85	0.040667906483113705	0.9889280815323545	0.15748971320256638	0.9557210031347962
86	0.04143513224810193	0.9897119341680589	0.15668671783118227	0.9549373040752351
87	0.041861933007231886	0.9894179894530304	0.15775506019732422	0.9549373040752351
88	0.041374864427921425	0.9896139526002762	0.16225371229225846	0.9525862068965517
89	0.03948750518891663	0.9892220262707436	0.15723863166397828	0.9561128526645768
90	0.04191378518200238	0.989320007861887	0.16731188005291883	0.9518025078369906
91	0.039112770699611395	0.9895159709974525	0.14618281917909282	0.9588557993730408
92	0.04024712284090658	0.9899078973386654	0.15096678802025357	0.9572884012539185
93	0.039864532890058535	0.9894179894179894	0.16085457631465644	0.954153605015674
94	0.03922443939714181	0.9894179894296697	0.158490331680003	0.9553291536050157
95	0.03869336080729564	0.9904957868154437	0.15293938593010545	0.9572884012539185
96	0.037288557245119945	0.9906917499510092	0.14805675065290871	0.9588557993730408
97	0.03662644379722787	0.9909856947010787	0.15668733167786117	0.9568965517241379
98	0.03784467443800454	0.9906917499626895	0.15500684067618603	0.9565047021943573
99	0.038093708717639646	0.9901038604859111	0.16733365873207678	0.9521943573667712

The optimal condition:
	epoch: 96
	train_acc: 0.9906917499510092
	val_acc: 0.958855799373
	using time: 752.896422863
