The number of train datas: 6518
The number of test datas: 1630
epoch	train_loss	train_acc	val_loss	val_acc
0	0.6778134758321007	0.5682724766952196	0.6333671654660278	0.7558282215171065
1	0.5958729857643458	0.7235348269631432	0.5163183856595513	0.8742331290537594
2	0.4510015476221832	0.8471923902306172	0.3330653501800233	0.9386503068216008
3	0.31528351392143156	0.8973611532709064	0.21750408939423005	0.9478527608093309
4	0.2543010244013964	0.9151580236776726	0.17532296822480628	0.9490797546743616
5	0.23822951279797777	0.914851181526863	0.1588184831698248	0.9503067485393922
6	0.21804038397956385	0.9216017178612715	0.1500928407706366	0.9515337424044229
7	0.21574899378675885	0.9203743481241	0.14557620840021437	0.9490797546743616
8	0.21269562944253187	0.9214482969870484	0.14375966589875017	0.9515337424044229
9	0.21078542158368835	0.9245167233235048	0.14336239056536024	0.9509202455450421
10	0.20371265004807068	0.9266646214334757	0.138849075531667	0.9521472393369382
11	0.20301386042309158	0.9254372504526357	0.1386889914793471	0.9515337424775574
12	0.20310097353503762	0.9249769865680084	0.14076722076882614	0.9503067486125267
13	0.20210503785201983	0.9265111992972949	0.14073664466479074	0.9521472394100727
14	0.19519648298360556	0.9288125189216124	0.13775339457520677	0.9570552147239264
15	0.19194096513835518	0.9305001529640637	0.1400443489474753	0.9564417177914111
16	0.19607232170863617	0.9291193615296531	0.13694736617474468	0.9527607362694536
17	0.19483424036844482	0.9289659404542483	0.13669942831334891	0.9595092024539877
18	0.19088441490139396	0.9308069959744678	0.13561097270140618	0.9546012270669996
19	0.18883786340658193	0.9312672598773842	0.13541454914157375	0.9558282209320302
20	0.18702187968675765	0.931113838765401	0.13536836157547183	0.9570552147239264
21	0.18966219632509992	0.9300398895183785	0.13538826697625997	0.9576687117295762
22	0.18195969875000048	0.9311138383447484	0.13347198491447543	0.9546012270669996
23	0.1862543727831081	0.9288125195800252	0.1340198242682621	0.9582822086620916
24	0.18491327906631552	0.9315741028877883	0.13326716697289168	0.9527607362694536
25	0.1839583390245192	0.9323412089415144	0.13614034223044577	0.9515337424044229
26	0.18076464863926694	0.9297330473492796	0.13309098415396697	0.9558282209320302
27	0.1812183178341729	0.9340288433863291	0.13374845308760192	0.9527607362694536
28	0.1790541495308257	0.9344891070514854	0.13222726036800198	0.9552147239995149
29	0.1813838040537906	0.9354096344000871	0.13322209363883258	0.9576687117295762
30	0.1803642519872296	0.9332617362535377	0.13492970257266168	0.9515337424044229
31	0.18078310758872207	0.9343356855554279	0.1339412034106401	0.9521472393369382
32	0.17715439094780924	0.9361767415145893	0.13408295093504197	0.9515337424044229
33	0.17558077065975397	0.9329548945599592	0.1320019498284609	0.9533742332019689
34	0.17620240644320054	0.9344891066308327	0.13374654050984996	0.9533742332019689
35	0.17537516945342632	0.9337220005771067	0.13381248363322276	0.9527607362694536
36	0.17389537837103708	0.9335685793005202	0.13040395596641705	0.9564417178645456
37	0.17116482338224243	0.9360233202380028	0.1326151878373023	0.9527607362694536
38	0.17344075917338037	0.9352562137636241	0.13124940252742884	0.9527607362694536
39	0.1707939416005517	0.938017797272569	0.13034092907342443	0.9552147239995149
40	0.1719611219721142	0.9366370051797456	0.13073955213913888	0.9552147239995149
41	0.169572717392141	0.9358698991260195	0.12993047875495045	0.9570552147970609
42	0.17007488516411118	0.935869899162598	0.13125886757132466	0.9539877301344842
43	0.16905291882366738	0.9387849033080058	0.13019719631211157	0.9539877301344842
44	0.1680903246648548	0.9389383250418233	0.12979423062750167	0.9552147239995149
45	0.1677822559642148	0.9363301623705231	0.1288771490560719	0.9546012270669996
46	0.1665793718800438	0.9355630565545573	0.1303204347750892	0.9539877301344842
47	0.1670523588232703	0.9374041118918843	0.13094177023033424	0.9521472393369382
48	0.16509427481833028	0.9381712177078502	0.12929897216931444	0.9539877301344842
49	0.1625009248980206	0.9398588527927885	0.12822162989824096	0.9564417178645456
50	0.1623298602350726	0.9397054308577892	0.1281193578627212	0.9564417178645456
51	0.16306933147496114	0.9392451667719803	0.12862170766467698	0.9564417178645456
52	0.16127253491825835	0.9393985887069796	0.12884955800201264	0.9570552147970609
53	0.16068141815778703	0.9372506903775377	0.1291493306496392	0.9576687117295762
54	0.1594427513103245	0.9386314815924774	0.1274925629328365	0.9539877301344842
55	0.16137487148444835	0.9410862231700835	0.12894695045575041	0.9558282209320302
56	0.15531739541799533	0.9444614916573496	0.12917541674126876	0.9527607362694536
57	0.156935250427175	0.941853329626173	0.12691337665074442	0.9570552147970609
58	0.15732434903388376	0.940932801893497	0.12695829162568403	0.9539877301344842
59	0.15857374058175064	0.9404725373138786	0.12713366558581043	0.9552147239995149
60	0.15520900810247698	0.9421601720147427	0.12829411459023968	0.9588957055946069
61	0.15602862380442717	0.9409328018569185	0.12861763058813072	0.9527607362694536
62	0.15657550068620743	0.9429272787085923	0.12781146526153833	0.9546012270669996
63	0.15524231706725633	0.940319116256763	0.12667431596415174	0.9546012270669996
64	0.15248019967700266	0.9444614912184077	0.12808997394299945	0.9533742332019689
65	0.15167866700282306	0.942773856773593	0.12662314209012898	0.9588957055946069
66	0.14694074340834504	0.9452285981317282	0.1264961575163654	0.9533742332019689
67	0.14899851311593745	0.9459957039659833	0.12719532727189592	0.9595092025271222
68	0.1487915963346002	0.9447683336069774	0.12671160503216317	0.9533742332019689
69	0.14701793648944964	0.9469162319364194	0.12756961915939133	0.9527607362694536
70	0.1486507401661333	0.9455354407214797	0.1301448095795567	0.9490797546743616
71	0.14810701958256728	0.9449217546823823	0.1259978030539729	0.9588957055946069
72	0.1483691644567074	0.9436943852012601	0.12616897613907152	0.9564417178645456
73	0.14270897733631147	0.948910708788093	0.12538148692231968	0.9533742332019689
74	0.14686484713519998	0.9440012269131279	0.1261233382338395	0.9558282209320302
75	0.14285025597944623	0.9450751759955472	0.12495512315100687	0.9588957055946069
76	0.14063309631206097	0.9481436027526563	0.12632256513175788	0.9570552147970609
77	0.1443322741910335	0.9450751766173815	0.12562610698989565	0.9509202454719076
78	0.13992609112458054	0.9489107092087457	0.1250244629895029	0.9607361963921529
79	0.14386634228236106	0.9464559680700815	0.12677272279386873	0.9515337424044229
80	0.1431359173549981	0.9487572872554572	0.12422277878947054	0.9552147239995149
81	0.13996326445563873	0.946762810220891	0.1256650796422929	0.9595092025271222
82	0.1357039886384736	0.9495243944065378	0.12418154138911722	0.9558282209320302
83	0.13473340611986018	0.9490641305219106	0.1251131448003412	0.9496932516068769
84	0.1382607372489653	0.9487572870542755	0.126272843997537	0.9509202454719076
85	0.13461815756261258	0.9496778148235299	0.1290836733360232	0.9496932516068769
86	0.13387191111816882	0.9493709728921912	0.12576788553248153	0.9503067485393922
87	0.1331535613529519	0.9510586069163532	0.12600072681721003	0.9490797546743616
88	0.13613084388423016	0.949524393967596	0.12681210510021337	0.9496932516068769
89	0.13009634116523358	0.9527462413794572	0.12535141366391095	0.9496932516068769
90	0.13255670009653567	0.9496778150430008	0.12528806098399717	0.9503067485393922
91	0.13060395351012963	0.9532065048068533	0.1250049363616054	0.9496932516068769
92	0.13002986540253741	0.9535133476343649	0.12688126857478194	0.9496932516068769
93	0.1311508454256681	0.9530530833290851	0.1245378598205151	0.9515337424044229
94	0.1258159667143759	0.9532065046056717	0.12387446032528497	0.9509202454719076
95	0.12928235671680446	0.9528996626560438	0.124900313334231	0.9503067485393922
96	0.1260315761902867	0.952592819444458	0.12488097425984458	0.9503067485393922
97	0.12859508146004064	0.9527462413794572	0.12565154044723217	0.9484662577418462
98	0.1256110874553625	0.9532065046239608	0.12459702836863834	0.9552147239995149
99	0.1266148119899677	0.9538201902241163	0.12414030519548369	0.9509202454719076

The optimal condition:
	epoch: 78
	train_acc: 0.9489107092087457
	val_acc: 0.960736196392
	using time: 539.412008047
