The number of train datas: 14832
The number of test datas: 3708
epoch	train_loss	train_acc	val_loss	val_acc
0	0.6976704847594037	0.5203613808625724	0.6755236810979462	0.6245954689341713
1	0.674944382333704	0.579557713245754	0.6529510956751876	0.6963322547132786
2	0.6465841116385681	0.6363268610343192	0.6116398390957195	0.7640237318273501
3	0.5999163997469082	0.6953209275309451	0.5436988253680891	0.8120280482365219
4	0.5306791188004462	0.7599110034291412	0.45730805712096	0.8470873778691955
5	0.4484115945418419	0.8106121899883595	0.3838122472279537	0.8718985982697373
6	0.3815105699862734	0.8545037756202805	0.33583893282127997	0.8748651568686435
7	0.33068993378997236	0.8752022653721683	0.2997411987799528	0.8991370004357644
8	0.2923688673953794	0.8965075511762626	0.2774110258654355	0.9066882409967136
9	0.26183794938759253	0.9116100321695643	0.26039434704194175	0.9115426101859462
10	0.238284917228816	0.9228694715417576	0.24643343119623848	0.9199029134572388
11	0.22536788061020058	0.9281283710895362	0.23792542700435737	0.9274541529894132
12	0.209550164856957	0.9352750810347458	0.22537342268479293	0.9309600863641906
13	0.2018012642185279	0.9421521034955721	0.2198259077057998	0.9352750807132536
14	0.18611025162435016	0.9459951456953664	0.22986104729170423	0.9358144542674545
15	0.17702423876800455	0.9511192017259978	0.2101439388374423	0.9412081977824691
16	0.17510040091529505	0.9511192017259978	0.2037656918377038	0.9433656950855975
17	0.1666517420204712	0.9546925568271994	0.20071792248897696	0.9447141309000527
18	0.16267055289934368	0.9548948220707709	0.19680324465261437	0.945523192388726
19	0.157206764852602	0.9569174756638569	0.19818085370969105	0.9479503765975515
20	0.15477354729702814	0.9581310678325682	0.19158564168787054	0.9482200640176364
21	0.14939608928840908	0.9596817691477886	0.1898295902993687	0.9479503768547454
22	0.1491399073436808	0.9606930960729284	0.189518623753273	0.949838186737789
23	0.1408688204027431	0.9616370010787486	0.1890991770028425	0.9495685013109555
24	0.1387909080957775	0.962715749601716	0.19371142272938932	0.9495685013109555
25	0.13412604165517653	0.963861920044003	0.1850416702986921	0.9514563114511928
26	0.13335262396510494	0.9659519955564085	0.19072508844099897	0.950647249705326
27	0.13217230324413398	0.9642664507883395	0.19270767175874792	0.9501078753795439
28	0.13111996846806012	0.9651429341320338	0.17927676993859237	0.9530744344285391
29	0.12724522237606675	0.9657497301842403	0.18118263691856637	0.9519956857769749
30	0.12431636129575255	0.9672330097730363	0.17701424493533766	0.9511866225522442
31	0.12503530925386933	0.967704962050902	0.17966025664261115	0.9533441213342364
32	0.12289831411201978	0.9685814453945962	0.17515465442770378	0.952804747265648
33	0.12310333557209922	0.9681769145859612	0.17835100310198568	0.9530744341713454
34	0.12214233845215142	0.9689185545411053	0.17873957678434532	0.9525350598455633
35	0.11648380723425228	0.969862459611224	0.1734615064908257	0.9533441213342364
36	0.11566941065567082	0.9706715211641955	0.1769781205501757	0.9536138084971275
37	0.11480872548449515	0.9693230851568451	0.1744193505282798	0.9541531828229095
38	0.11372968837409858	0.970266990419859	0.17310875835059916	0.9538834956600185
39	0.11187851131605356	0.9708063646813426	0.16964967280401252	0.9517259986140839
40	0.10963848768909258	0.9714805823313766	0.17065055493944542	0.9538834956600185
41	0.10879629633380371	0.9712108952970824	0.17303126673450234	0.9544228699858006
42	0.10869350560017517	0.9714131606049522	0.170055977469702	0.9509169371254107
43	0.10677141697018407	0.9712783171521036	0.16861145199952646	0.9533441213342364
44	0.10527690000904416	0.9728290182101302	0.16968689565551834	0.9544228699858006
45	0.1049909277094735	0.9722896439486466	0.16982524093750867	0.9544228699858006
46	0.10442960455193874	0.9729638617272773	0.1669852082911947	0.9546925571486916
47	0.10214558240536604	0.9737055018110182	0.16985151219908087	0.9541531825657158
48	0.10227764980564097	0.9728964403223451	0.17004779458624644	0.9544228697286069
49	0.09894900219243707	0.9749190936582374	0.16964361212239426	0.9546925568914979
50	0.09932077273388897	0.9736380800202955	0.17049102363012883	0.954962244054389
51	0.0972227671996418	0.9751213591590026	0.1696881125997571	0.9544228697286069
52	0.09701788168251836	0.9746494064953464	0.16705785936875894	0.9541531825657158
53	0.09796534914688128	0.9751213590304056	0.16593679302686498	0.9544228697286069
54	0.09701385674546066	0.9758629988569529	0.17084477433559064	0.9533441210770427
55	0.09465179319906389	0.9752562026761497	0.16554223917255895	0.9538834954028248
56	0.09400944780666852	0.9752562028690449	0.1698147637012064	0.9541531825657158
57	0.09242114517134499	0.9755258897747423	0.16729498703631512	0.9530744339141517
58	0.09137754171218687	0.9755933118226587	0.16982802755913687	0.9528047467512606
59	0.09346596898858665	0.9745819848975189	0.17173950276875058	0.9533441210770427
60	0.09059088683999601	0.976739482007752	0.1698070133934772	0.9536138082399337
61	0.09044297968621136	0.9760652644220165	0.16865132768370186	0.9533441210770427
62	0.0885445931132686	0.9776159654157447	0.1660990087795669	0.9538834954028248
63	0.08657097435499087	0.9771440129449838	0.16639319779964198	0.9538834954028248
64	0.08788364281739232	0.9768743255891975	0.16716463326957748	0.9536138082399337
65	0.08833875913402023	0.9770765909613658	0.1646558388488964	0.9536138082399337
66	0.08662017859606938	0.9772114345428113	0.16530402077858244	0.9533441210770427
67	0.0856703324795991	0.9769417473799202	0.16722823154611238	0.9525350595883696
68	0.0857988239347356	0.9769417473799202	0.1657846698852933	0.9541531825657158
69	0.08503894497436484	0.9778182306593162	0.16990112770497479	0.9525350595883696
70	0.08378319530682528	0.9776159654157447	0.1634286795426341	0.9536138082399337
71	0.08289392444404584	0.9771440130092822	0.16383114906415713	0.9546925568914979
72	0.08211491933291398	0.978425026775821	0.16968797009836123	0.9530744339141517
73	0.07991179596017865	0.9790992446830487	0.17477857205763603	0.9509169366110233
74	0.07972910735020745	0.9784924486308422	0.16614125038074187	0.9525350595883696
75	0.08196432524016117	0.9782227616608464	0.16626056424365204	0.9544228697286069
76	0.07957748817169422	0.9783576050493966	0.16768512620059162	0.9528047467512606
77	0.07957654284009913	0.977885652771531	0.165082240382766	0.9544228697286069
78	0.07833321095155923	0.978627292405183	0.16585000015256732	0.9530744339141517
79	0.07784417380519541	0.9790992446830487	0.16511094013978492	0.9538834954028248
80	0.07600248970509282	0.9794363538295577	0.165466551746301	0.9541531825657158
81	0.0794660299453792	0.9790992446830487	0.16934040124490937	0.9533441210770427
82	0.07325337302771587	0.9805825243361431	0.1662675594065053	0.9538834954028248
83	0.07530736763275428	0.9795711972181079	0.1679035595255505	0.9528047467512606
84	0.07407357933114261	0.9797060407995535	0.16588550855073086	0.9530744339141517
85	0.07229434250338564	0.9802454151253356	0.1683173427014675	0.9528047467512606
86	0.07370675918209128	0.9799083061717218	0.1655163975289853	0.9528047467512606
87	0.07329460253945061	0.9795037756845789	0.16699961150123335	0.9533441210770427
88	0.07114098334791462	0.9803128369160583	0.16937615055321617	0.9533441210770427
89	0.06905381861338723	0.9812567422433707	0.16809014825727048	0.9536138082399337
90	0.0684466778171101	0.9810544769355009	0.17428844276626776	0.9530744339141517
91	0.07026517118338371	0.98011057154389	0.1717872125013232	0.9522653724254785
92	0.0698735031129505	0.9805825242718447	0.1669932334023772	0.9530744339141517
93	0.07038988196316145	0.9808522114990341	0.17253715237914036	0.9519956852625875
94	0.06805554426153629	0.9814590074226437	0.16734001238176352	0.9530744339141517
95	0.06751065045402274	0.9809196330968616	0.17034055331185413	0.9511866237739143
96	0.06916898305346023	0.9803128369160583	0.1718824449946708	0.9517259980996964
97	0.0677011068729521	0.9805151025454203	0.16821053543780098	0.9525350595883696
98	0.06622036574197433	0.9818635381026818	0.17333143292057218	0.9517259980996964
99	0.06692942090838858	0.9814590073583452	0.17049095316708668	0.9522653724254785

The optimal condition:
	epoch: 50
	train_acc: 0.9736380800202955
	val_acc: 0.954962244054
	using time: 1334.67685509
