The number of train datas: 5088
The number of test datas: 1272
epoch	train_loss	train_acc	val_loss	val_acc
0	0.7129216299116986	0.502751571952172	0.6880056573160039	0.5605345930693284
1	0.6928971439787427	0.5194575471698113	0.6845949599577946	0.5723270414010534
2	0.6904594272187671	0.539308175725757	0.6802281429932552	0.5888364772376774
3	0.6813778588606877	0.5583726418843059	0.675274670498926	0.6242138372277314
4	0.6802951798499005	0.5656446537131783	0.6697185384402485	0.6517295589986837
5	0.6756185660572172	0.5729166670415387	0.6631745459898463	0.6705974854013455
6	0.6672034496031467	0.5982704402515723	0.6559604773731351	0.6776729567245867
7	0.664596288459106	0.6033805035195261	0.6475577358179873	0.7051886807447709
8	0.6577058082106728	0.6151729563497147	0.6389233627409305	0.7154088050314465
9	0.6421598248511741	0.6479952833937399	0.6274614967640091	0.7358490584781335
10	0.6290701676464681	0.6692216984880796	0.6117670198656479	0.7649371091674708
11	0.6266535764220376	0.6623427676704695	0.5981088033262288	0.7696540876754425
12	0.6057418131228512	0.6988993710691824	0.5785440221522589	0.7987421391145239
13	0.5871865490697464	0.7148191820150651	0.5583927383962667	0.8113207539672371
14	0.5713075245701292	0.72562893081761	0.5361308976539276	0.8286163544504898
15	0.5498143014667919	0.7478380506893374	0.5116610688233526	0.8325471679369608
16	0.530780592054691	0.7633647802490858	0.48858302006931426	0.8451257846640341
17	0.5082029584068922	0.7814465412553752	0.46056489993191363	0.8514150943396226
18	0.4798435819973736	0.8022798742138365	0.4383427530714551	0.8577044028905952
19	0.4483178679673177	0.8176100625182098	0.40969475841372266	0.873427670706743
20	0.4321551478508883	0.8258647798742138	0.3896745132200373	0.8781446567121541
21	0.41123631277924066	0.8406053459119497	0.3734319858581015	0.8852201254112916
22	0.3944255231686358	0.8461084905660378	0.3571121175334139	0.8883647809988298
23	0.36768330774217284	0.8606525153483985	0.34085777683078117	0.889937108042855
24	0.3627146984796104	0.8689072327044025	0.3301512750814546	0.8899371046690071
25	0.3394302512114903	0.8773584905660378	0.3198334314163376	0.8907232689407637
26	0.3367790037168647	0.8797169807572035	0.31531089206911483	0.9009433966012871
27	0.3294620703226365	0.8862028298138073	0.30634026951010124	0.9025157236453122
28	0.3067478931175088	0.895440251947199	0.2977132537642365	0.9072327040276438
29	0.30378349172244284	0.8958333329584613	0.2925746999446701	0.9111635216377066
30	0.2927735168603981	0.9019261010038028	0.2860879820285353	0.904874213086734
31	0.2832660153039596	0.9052672952226123	0.28353851405704544	0.9174528290640633
32	0.2894023962365756	0.902319182764809	0.2790346699503233	0.9166666670415387
33	0.27601218598443755	0.9123427676704695	0.2739293688685639	0.9127358468073719
34	0.2668790063768063	0.914308175725757	0.26986535596397687	0.9213836481736141
35	0.25650567059996743	0.9172562889333041	0.2655557148486563	0.9198113218793329
36	0.2588595113476867	0.9147012578616353	0.2626015509262025	0.9221698124453707
37	0.24976859265153514	0.9229559744678953	0.2600165567120666	0.9229559744678953
38	0.24698152594596334	0.9231525160981424	0.2616317537408205	0.9261006278062017
39	0.24574031610533875	0.9255110062893082	0.2539371632554996	0.9221698124453707
40	0.236005592271217	0.9261006293056896	0.25033051712707904	0.9229559759673832
41	0.23477688431739807	0.9270833337082053	0.25229263661792445	0.929245281894252
42	0.23146059659292112	0.9280660377358491	0.24641899708307013	0.9261006300554335
43	0.22607452886284524	0.9296383651547462	0.24390661285358406	0.9261006293056896
44	0.2217506076554832	0.9321933958515431	0.2421818308110507	0.9268867920779582
45	0.21878703051018264	0.9310141505685242	0.239728367272413	0.9284591191219833
46	0.21462055853327866	0.9371069182389937	0.24313141878858302	0.9339622622765835
47	0.21562708023958985	0.9363207550918531	0.2372808371137523	0.9323899359823024
48	0.2158085600759998	0.9376965412553752	0.2367128314649534	0.9323899359823024
49	0.20880644098392823	0.9382861635220126	0.2329950859336733	0.9331760995043149
50	0.21306801451452123	0.9339622645258153	0.23321263932581968	0.93474842654834
51	0.20429695739686113	0.9396619493106626	0.23025424356730478	0.93474842654834
52	0.1964806117726572	0.9418238989961972	0.22998741859535002	0.9261006308051775
53	0.19674874907769496	0.9390723270440252	0.22869205306161125	0.9339622637760714
54	0.20081005615633238	0.9398584905660378	0.22723048887912584	0.93474842654834
55	0.19629025581122944	0.9428066037735849	0.22531493682906312	0.9339622637760714
56	0.1869926560412413	0.9404481135824192	0.22727729426989765	0.9253144672831649
57	0.1857293370947148	0.9422169811320755	0.22413093971568834	0.9363207520928772
58	0.1870165600341821	0.9461477983672664	0.22173958866851134	0.9323899382315342
59	0.1829686273568831	0.9451650939647507	0.220478300497217	0.9331761010038028
60	0.18477583184557142	0.9437893081761006	0.21913663836770086	0.9331761010038028
61	0.1763531484131543	0.9439858486817317	0.21886951096777646	0.9331761017535467
62	0.1774586130800487	0.9465408808780167	0.21848315778393415	0.9323899382315342
63	0.17699376395288505	0.9461477983672664	0.21898732489010073	0.9378930791369025
64	0.17440397109625475	0.9459512578616353	0.22464658170001311	0.9371069197384816
65	0.17428516849594297	0.9504716977383356	0.21689596884655502	0.9339622637760714
66	0.16974533157153698	0.9467374210087758	0.2153967209394623	0.934748427298084
67	0.16884836212456603	0.9477201261610355	0.2133483126665811	0.9339622637760714
68	0.17126065164617021	0.9473270436502853	0.21555258061900828	0.9316037739597777
69	0.1647234710413705	0.9498820758465701	0.21356787167067798	0.9339622637760714
70	0.16385891143256012	0.9492924532050606	0.21282960319856428	0.934748427298084
71	0.16670786697159773	0.9502751576075764	0.21289879191409117	0.9378930840102382
72	0.15816271127020037	0.9514544028905952	0.2114936463394255	0.9339622637760714
73	0.1564041331129254	0.9514544021408513	0.21459551197740268	0.936320756216469
74	0.16035064998662696	0.9504716984880796	0.20993192892217036	0.9355345908200966
75	0.15224445334770395	0.9544025160981424	0.2122775841996355	0.9371069163646338
76	0.15604254997001504	0.9522405664126078	0.20946877285744409	0.9363207535923652
77	0.1522776036517425	0.9530267291848764	0.21070095737400296	0.9331761002540588
78	0.1512329508111162	0.9536163518263859	0.2080980066514615	0.9363207535923652
79	0.14860883931506355	0.9542059744678953	0.2078164743739854	0.9363207535923652
80	0.15353693799027857	0.9544025157232704	0.2092977520429863	0.9339622637760714
81	0.1501077486658996	0.9528301890541173	0.2073959949069053	0.9339622637760714
82	0.14529453578797527	0.9532232704402516	0.20691182984496062	0.9363207535923652
83	0.1404619334066439	0.9542059744678953	0.2100251017595237	0.933176098754571
84	0.14263252496906798	0.9559748431421676	0.2148328569700133	0.9371069197384816
85	0.1408706322406073	0.953812893456633	0.2046886147380625	0.9363207535923652
86	0.14284327991728513	0.9577437110666959	0.2092855507097904	0.9292452833937399
87	0.1374618468232125	0.9571540876754425	0.20739947474977505	0.93474842654834
88	0.13561937002078542	0.9547955974842768	0.2080456664164861	0.9347484250488521
89	0.13826099731637248	0.9563679249031739	0.2060140000199372	0.9339622637760714
90	0.13233385600571362	0.9593160377358491	0.20753867971072407	0.9323899359823024
91	0.13616521698686312	0.9571540876754425	0.2051428551756361	0.93474842654834
92	0.13159409685517257	0.9601022008829897	0.20538270117351845	0.9355345900703527
93	0.1303141770778962	0.9567610062893082	0.20510095226689704	0.9339622630263275
94	0.1271490234436479	0.960495282643996	0.20622154948471477	0.9316037739597777
95	0.1253645268251311	0.960495282643996	0.20690038064553304	0.9331760995043149
96	0.12645376487722937	0.960691823899371	0.20511313635598188	0.93474842654834
97	0.1229953166073973	0.9608883644050022	0.20377331986179892	0.9339622630263275
98	0.12404476738763305	0.9610849052855054	0.20540566545612407	0.934748427298084
99	0.12375433855461625	0.9601022012578616	0.2046497072907364	0.9331760995043149

The optimal condition:
	epoch: 71
	train_acc: 0.9502751576075764
	val_acc: 0.93789308401
	using time: 367.678277016
