The number of train datas: 5472
The number of test datas: 1370
epoch	train_loss	train_acc	val_loss	val_acc
0	0.6946346829509178	0.5416666670152318	0.6529093731928916	0.6810218964179937
1	0.6257515678628843	0.6668494152046783	0.574491137222652	0.8394160586552029
2	0.518403624930577	0.7978801173076295	0.43577452576073417	0.9000000001740281
3	0.36772655429895856	0.8910818716935944	0.29950993359088895	0.9160583923332882
4	0.25823413776723964	0.9186769005847953	0.23486259649269772	0.9189781022767951
5	0.19733049385031762	0.9387792397660819	0.2087104576129983	0.9218978103059922
6	0.17826055304000252	0.9413377189496804	0.19988708750609935	0.9226277373132915
7	0.1637758794758055	0.9435307014058207	0.19365683083769178	0.92408759132789
8	0.15384247280352298	0.947551169242078	0.18799383670744235	0.927007299357087
9	0.14709389423243482	0.9513888888888888	0.1826580011387811	0.9313868614008827
10	0.14178103605034756	0.9528508775415476	0.18417087335438623	0.9306569343935834
11	0.1375678107578155	0.9541301166104992	0.1749149212545722	0.9350364964373791
12	0.13086084476862733	0.9550438596491229	0.17453253818471937	0.9335766424227805
13	0.12490047466510917	0.9572368421052632	0.17234415391827151	0.9364963504519775
14	0.1261029583320283	0.9577850873707331	0.1665159859850894	0.9364963504519775
15	0.12073666772298645	0.9597953216374269	0.1601863806808952	0.9386861314738754
16	0.1117457400201357	0.9643640354362845	0.1578479185047811	0.940145985488474
17	0.10866780169526039	0.9636330405871073	0.15601968182264453	0.9394160584811747
18	0.1064122191995208	0.9652777777777778	0.1501045139547247	0.943065693517671
19	0.10185810858220384	0.9647295318151775	0.14612058649097917	0.9445255475322696
20	0.09904276252838604	0.9680190058479532	0.14431828767278768	0.9445255475322696
21	0.09582216031195824	0.9702119886526588	0.1434360687532564	0.9503649635906637
22	0.09326986049176657	0.9703947368421053	0.13713147392238142	0.9481751825687659
23	0.09724556293055328	0.9683845025754114	0.1335901566991841	0.9525547446125615
24	0.08463902418550692	0.973684210874881	0.12974968603710188	0.9525547446125615
25	0.08474177409682357	0.974049707253774	0.12693951070634987	0.9503649635906637
26	0.08054672512743208	0.9742324564889161	0.12520152746978466	0.9540145986271601
27	0.07748247822474318	0.9735014619883041	0.12319278795353687	0.9532846716198607
28	0.07754524893056579	0.9766081874830681	0.12117693337482692	0.9554744506404348
29	0.07822892170029076	0.9758771929824561	0.11709989822693985	0.956204377647734
30	0.07348999108748826	0.9771564330971032	0.11645283697404131	0.9569343046550333
31	0.07597706244702924	0.9744152043297974	0.11307236159315509	0.9569343046550333
32	0.06833518547011398	0.9808114031602068	0.11396727456718031	0.9583941586696318
33	0.07075460980597295	0.9786184207040663	0.1077977027145833	0.9583941586696318
34	0.06924772654709063	0.9797149126292669	0.10584353959854066	0.9605839396915297
35	0.06716508466249321	0.9802631575461717	0.10997656234098177	0.9613138666988289
36	0.06589126970335754	0.9806286549707602	0.10126056624916348	0.9627737207134275
37	0.06214792551527246	0.9808114038573371	0.10056326247914864	0.9627737207134275
38	0.05743154432428511	0.9826388888888888	0.1002270828579029	0.9635036477207267
39	0.060606300057462086	0.9806286549707602	0.10110213970561532	0.964233574728026
40	0.05862140394093698	0.9831871345029239	0.09713965831936276	0.9649635017353253
41	0.056155560614421354	0.9826388885403237	0.0973455236449729	0.964233574728026
42	0.05367816893155115	0.9833698833895008	0.09292701940412504	0.9664233557499238
43	0.05224960303881712	0.9850146195344758	0.09125771852087801	0.9656934287426245
44	0.054041420703220086	0.9846491228070176	0.08985571598865255	0.9664233557499238
45	0.05302115738914724	0.9839181290035359	0.08927679093432253	0.9664233557499238
46	0.048788114881132084	0.9853801169590644	0.09203177337283201	0.9649635017353253
47	0.0473560351028777	0.9862938599976879	0.0874114169120571	0.9671532827572231
48	0.04827506633268462	0.9859283622245343	0.09114241879841271	0.9656934287426245
49	0.04613453502717771	0.9866593570737113	0.08573191328531635	0.9678832097645224
50	0.04690526240663222	0.9853801166104992	0.08675224639094659	0.9678832097645224
51	0.04503469001937505	0.9861111111111112	0.08436454941321464	0.9686131367718216
52	0.04647885195431654	0.9868421049145927	0.08436526460097218	0.9693430637791209
53	0.04397470645650088	0.9859283629216646	0.08557925848358304	0.9678832097645224
54	0.04141092684925997	0.9879385961426629	0.084055004016	0.9693430637791209
55	0.04221804839782199	0.9875730994152047	0.08389030139431031	0.9700729907864202
56	0.0436799143664321	0.9870248541497347	0.08322391294921837	0.9700729907864202
57	0.041115506546713455	0.98866959099184	0.0825431177650925	0.9700729907864202
58	0.038019975723578917	0.9897660822199102	0.08165393264243638	0.9700729907864202
59	0.038841175427388026	0.9897660815227799	0.0823028153624304	0.9708029177937194
60	0.040204577692593745	0.9884868424538283	0.08279036865399701	0.9700729907864202
61	0.04134438793060549	0.9879385964912281	0.08609829585265069	0.9693430656934306
62	0.03699550607748199	0.98866959099184	0.08043742087418146	0.9708029177937194
63	0.038500771351289334	0.9899488304093568	0.07796445889194516	0.9700729907864202
64	0.036768990544308176	0.9895833333333334	0.0864897862158335	0.9708029197080292
65	0.035030766526422306	0.9903143274853801	0.07836220685093508	0.9715328448010188
66	0.03650525375133195	0.9897660818713451	0.07935551776394356	0.9715328448010188
67	0.03740814721418752	0.9890350873707331	0.07785942609129595	0.9715328448010188
68	0.03310438951379374	0.9914108183648851	0.07907910428016725	0.9715328448010188
69	0.032198093058160175	0.9925073099415205	0.08131000337048169	0.9722627737226277
70	0.03585688715898677	0.9908625730994152	0.08386024072575961	0.9708029197080292
71	0.03557719816916693	0.9904970760233918	0.0766231642206655	0.9708029177937194
72	0.03301458977903539	0.9919590646760506	0.07736224465915104	0.9708029177937194
73	0.03384420623164079	0.9906798245614035	0.0766324670998937	0.9715328448010188
74	0.031013439654519682	0.9910453212888617	0.07994502426607765	0.9744525547445255
75	0.0318533523792499	0.9908625730994152	0.07949925580191133	0.9744525547445255
76	0.03199921213961833	0.9908625730994152	0.07779862182826675	0.9729926988156172
77	0.03313842941925191	0.9915935669028968	0.08148509545292515	0.9722627737226277
78	0.031725803292111346	0.9915935669028968	0.08247945476459326	0.9708029197080292
79	0.03283624076529553	0.9895833333333334	0.07877617921870556	0.9744525547445255
80	0.031486230210689775	0.9917763154409085	0.0781087970782588	0.9744525547445255
81	0.02914709181998644	0.9921418128654971	0.07622978546160417	0.9744525528302158
82	0.03160629628433122	0.9895833333333334	0.07450892852388159	0.972262771808318
83	0.029670119715843633	0.9917763157894737	0.07699509000500841	0.9759124087591241
84	0.02992798150544278	0.9923245610549436	0.08025011022840321	0.9722627737226277
85	0.029764804422681094	0.9910453212888617	0.07901035793751043	0.9737226277372263
86	0.029591492513379856	0.9910453212888617	0.07594348162031957	0.9759124087591241
87	0.027435994723386932	0.9912280701754386	0.07923715400380375	0.9737226277372263
88	0.02776211514328307	0.9925073095929553	0.07590471012041952	0.9759124087591241
89	0.026290454101144223	0.9941520464350606	0.074524258519013	0.9744525528302158
90	0.027400531694401948	0.9936038011695907	0.07403741004285369	0.975182479837515
91	0.024695174221210835	0.9921418128654971	0.07505036855701112	0.9744525528302158
92	0.027460889035716043	0.9937865497076024	0.07464638999561324	0.975182479837515
93	0.02656803688589941	0.9925073095929553	0.07665128624542569	0.9751824817518249
94	0.025917724428469676	0.9925073095929553	0.07496714784770551	0.9759124087591241
95	0.023421148960179057	0.9939692978970489	0.07628911370615454	0.9759124087591241
96	0.023663014331451286	0.9936038011695907	0.07696759911240453	0.9744525547445255
97	0.024499363445660526	0.9936038011695907	0.07586565825435584	0.9766423357664233
98	0.023866268876961798	0.992690058130967	0.07652548514306545	0.9751824817518249
99	0.02557970046430652	0.9930555555555556	0.07334280962763476	0.9759124068448143

The optimal condition:
	epoch: 97
	train_acc: 0.9936038011695907
	val_acc: 0.976642335766
	using time: 497.586146116
