The number of train datas: 6064
The number of test datas: 1518
epoch	train_loss	train_acc	val_loss	val_acc
0	0.6995568527080768	0.5021437996295637	0.692702047988203	0.5191040847533933
1	0.6959640254760481	0.5044525064390378	0.689799302337355	0.5382081697031129
2	0.6939280962566587	0.5247361479145242	0.6875565002558259	0.5454545460827894
3	0.6893929090537623	0.5333113454891698	0.6851379946757682	0.5625823457407543
4	0.6865491237992661	0.5468337729298031	0.6821483513426246	0.576416336579128
5	0.6851997798539717	0.5524406332453826	0.6791139215976981	0.6034255598687686
6	0.6812759842281291	0.5649736147757256	0.6753951600103667	0.6166007916917914
7	0.6769588290858709	0.5742084431144996	0.6696213848191916	0.6271409766947328
8	0.6707064430757689	0.5898746703419647	0.6626078228077241	0.6528326751215184
9	0.6671557099334797	0.5943271766237345	0.6540697768271676	0.6653491440026656
10	0.6575805268061192	0.6151055408970977	0.643873797182352	0.687747035965775
11	0.6448127091088207	0.6421503959356323	0.6313760359924929	0.6969696961058616
12	0.6347918475838009	0.6531992084432717	0.614665050280424	0.7180500674467627
13	0.6225931276432128	0.66688654353562	0.5959817483648167	0.7404479594098721
14	0.599688404940049	0.6997031660696448	0.5745671797489774	0.7516469053914268
15	0.5791963302680244	0.7145448550385347	0.55060243386682	0.76548089615127
16	0.5561003128268159	0.7280672823218998	0.5228938927213822	0.7786561267178049
17	0.5317535725935782	0.7574208441699086	0.4939665595297757	0.7984189719393633
18	0.5037819491527326	0.7689643797899613	0.46278946519840375	0.8155467704193708
19	0.47191322573256683	0.7945250661203289	0.43403489834706305	0.8260869573070441
20	0.4505569124127441	0.8054089711335215	0.4049032130260241	0.8451910403720317
21	0.4140576425359872	0.8306398416886543	0.371578810518124	0.864953887478322
22	0.3845585645188757	0.8472955143546052	0.3445355828964349	0.8774703540035544
23	0.36149456129854146	0.863126648919249	0.32044567436725885	0.8913043460984161
24	0.3316307873870578	0.8723614775725593	0.2980503049214053	0.8998682459666638
25	0.3061480320852476	0.8855540898670308	0.2753031605042331	0.904479576664951
26	0.2925789515858904	0.8909960423736271	0.2556157329258397	0.9130434765331987
27	0.2767265504299808	0.8999010555662391	0.2454280245838115	0.911725955989521
28	0.2561699815664568	0.9093007917139965	0.22998194987437784	0.9156785232747496
29	0.24361233885024028	0.9147427440633246	0.21822224820476904	0.9169960463314031
30	0.23263346716407735	0.9218337732443395	0.20918316051501373	0.9229249031490331
31	0.22079151511035053	0.9262862796833773	0.19922377968180008	0.9314888030172808
32	0.21419838121981608	0.9272757255936676	0.20715824227009524	0.9229249025207892
33	0.20895307064842739	0.928594986964656	0.18483455581234692	0.9367588952438948
34	0.1987242673506523	0.9313984168865436	0.18110530669353067	0.938735179200631
35	0.18836267972684473	0.9388192613709885	0.17356356672147516	0.9472990790688788
36	0.18726540510210954	0.9426121370458981	0.1795240860132989	0.9374176561439775
37	0.1769956472209387	0.9454155674395901	0.16603943010563907	0.9420289874705087
38	0.17510611923671965	0.9457453824284838	0.16212350255729968	0.946640317540552
39	0.17391535490358095	0.9470646439567405	0.17191870960165231	0.9426877464858596
40	0.17080797089907612	0.946899735990489	0.15873644613858426	0.946640317540552
41	0.1583748029687474	0.9526715038005155	0.15330889872097372	0.9479578405972054
42	0.15438102692916086	0.9516820580474934	0.14815530202526977	0.949275363653859
43	0.15063986107510438	0.9543205804749341	0.15339155527560608	0.9479578393407175
44	0.14928003253125263	0.9551451188907775	0.14475297260347247	0.9486166027537761
45	0.14799828184547398	0.9559696569920845	0.144577425243198	0.9505928860822686
46	0.14409327487360518	0.9589379948802234	0.1418556298898614	0.9512516482388392
47	0.14010429349887654	0.95811345646438	0.13996413037946573	0.9525691712954927
48	0.13805323634738972	0.9569591029023746	0.13855336529935303	0.9525691700390048
49	0.13877538326233232	0.9627308708696692	0.13682354268113614	0.951910409767166
50	0.13148985916163802	0.9619063324538258	0.13552105815514273	0.9532279321955754
51	0.1269781607987069	0.9640501317688531	0.13763705447649924	0.9479578412254495
52	0.13037085299205653	0.961576517307664	0.13405742731843542	0.9552042161523118
53	0.12711650463396137	0.9628957782068479	0.13265779685125992	0.9499341251821857
54	0.12460785655987923	0.9627308705551328	0.1328439955379966	0.9558629776806385
55	0.11935308728966675	0.9648746701846965	0.13099870266336383	0.9565217392089653
56	0.12138294923981764	0.9640501320833895	0.13056702630125644	0.9558629776806385
57	0.11585910543602815	0.9648746703419647	0.12929839871539114	0.9565217392089653
58	0.11522783820657428	0.967183377151439	0.13703362889126514	0.9558629757959067
59	0.11326305320520828	0.9663588388928638	0.1287003640914937	0.9552042161523118
60	0.10974523297321828	0.9685026386796957	0.12845254181951715	0.9598155462223551
61	0.1121840711909108	0.9688324538258575	0.12754472528678784	0.9598155462223551
62	0.11184308878428703	0.9660290235894337	0.1306737443537737	0.9604743064941939
63	0.1053513833727088	0.9694920844327177	0.1281648233670334	0.9631093526075009
64	0.1101008363972396	0.9696569922417009	0.12599332083865744	0.9591567846940283
65	0.10746356482202271	0.9688324538258575	0.13179811369014194	0.9591567834375404
66	0.10547245256504471	0.9685026385224275	0.13104608138637894	0.9598155449658672
67	0.09818321049685214	0.9709762531408849	0.12998882431797046	0.9598155449658672
68	0.09726924812888092	0.97147097609603	0.13022363349814975	0.9611330680225206
69	0.10386174948674708	0.9704815305002761	0.12562225262324014	0.9624505910791742
70	0.09564676363817305	0.971965699051175	0.12349518088130612	0.9604743064941939
71	0.09432087946771632	0.9722955146691415	0.13234513067445264	0.9584980256001469
72	0.1021106385657844	0.9718007915567283	0.12348369283206535	0.9591567846940283
73	0.0955021887585167	0.9760883905013192	0.12444139240562366	0.9624505910791742
74	0.09706032087431735	0.9734498680738787	0.12416781741286455	0.9631093526075009
75	0.09454046974160112	0.9736147755683254	0.12386684220809396	0.9617918295508474
76	0.08961536464991544	0.9760883905013192	0.12921212734323245	0.9604743064941939
77	0.09088486822267951	0.9741094986807388	0.1346859650021328	0.9486166021255322
78	0.08934948261149012	0.974109498838007	0.13771930940164565	0.9571805025434934
79	0.09013115355160117	0.9726253296580353	0.12363232597610539	0.9624505917074181
80	0.08846706474362073	0.9750989447482972	0.12432286870691617	0.9624505910791742
81	0.0891811243285447	0.975263852242744	0.12306594702369768	0.9624505910791742
82	0.08301466483239449	0.974934036939314	0.1244501325649078	0.9611330680225206
83	0.0844730194019139	0.975593667388906	0.12437586046568803	0.9598155449658672
84	0.08719108422780729	0.9754287600517273	0.13290785143596068	0.9598155449658672
85	0.08438267765227597	0.9762532979957661	0.1257732020340104	0.957180500737292
86	0.08319731695592246	0.9764182058047494	0.12434100388145572	0.9631093532357449
87	0.0810866712894792	0.9777374668612014	0.12373545800233861	0.9617918301790913
88	0.08047618238270125	0.9772427442205928	0.12399852768627237	0.9624505910791742
89	0.078931096990379	0.9793865436928882	0.12441500645420454	0.9617918295508474
90	0.07773838988394724	0.9785620052770448	0.12474513046040994	0.9604743071224379
91	0.07789906293232397	0.9787269130860281	0.1249624029371264	0.9611330686507646
92	0.07647805022061029	0.9759234830068724	0.12978931446713107	0.9611330680225206
93	0.07602200608965903	0.9772427440633246	0.1281811285454765	0.9611330680225206
94	0.07407418605048298	0.97938654353562	0.12752873232595535	0.9617918295508474
95	0.07179254581930612	0.9795514511873351	0.13193453025755048	0.9591567834375404
96	0.07366170470742878	0.9782321899736148	0.1283567183612992	0.9617918295508474
97	0.07282746794552476	0.9808707125583236	0.12586822547263934	0.9617918301790913
98	0.07309164438583449	0.9779023746701847	0.1263716940980341	0.9591567840657843
99	0.07119364391687992	0.9795514513446033	0.12628500875237744	0.9617918295508474

The optimal condition:
	epoch: 86
	train_acc: 0.9764182058047494
	val_acc: 0.963109353236
	using time: 542.512669086
